ZONE N=15, E=16, F=FEPOINT, ET=TRIANGLE
0.883173 -0.0495979 0 0 0 
0.91238 -0.0371984 0 0 0 
0.941586 -0.024799 0 0 0 
0.970793 -0.0123995 0 0 0 
1 -1.13104e-15 0 0 0 
0.910808 -0.00920732 0 0 0 
0.940407 0.00321421 0 0 0 
0.970007 0.0156321 0 0 0 
0.999607 0.0280463 0 0 0 
0.938442 0.0311833 0 0 0 
0.968434 0.0436305 0 0 0 
0.998427 0.0560704 0 0 0 
0.966077 0.0715739 0 0 0 
0.996461 0.0840505 0 0 0 
0.993712 0.111964 0 0 0 
1 2 6
2 7 6
2 3 7
3 8 7
3 4 8
4 9 8
4 5 9
6 7 10
7 11 10
7 8 11
8 12 11
8 9 12
10 11 13
11 14 13
11 12 14
13 14 15
ZONE N=15, E=16, F=FEPOINT, ET=TRIANGLE
0.974928 0.222521 0 0 0 
0.934249 0.201391 0 0 0 
0.89357 0.180261 0 0 0 
0.85289 0.15913 0 0 0 
0.812211 0.138 0 0 0 
0.980785 0.19509 0 0 0 
0.93972 0.173887 0 0 0 
0.898653 0.152687 0 0 0 
0.857586 0.131491 0 0 0 
0.985871 0.167506 0 0 0 
0.944417 0.146241 0 0 0 
0.902962 0.124982 0 0 0 
0.990181 0.13979 0 0 0 
0.948337 0.118473 0 0 0 
0.993712 0.111964 0 0 0 
1 2 6
2 7 6
2 3 7
3 8 7
3 4 8
4 9 8
4 5 9
6 7 10
7 11 10
7 8 11
8 12 11
8 9 12
10 11 13
11 14 13
11 12 14
13 14 15
ZONE N=15, E=16, F=FEPOINT, ET=TRIANGLE
0.511872 0.721416 0 0 0 
0.516912 0.752743 0 0 0 
0.521952 0.78407 0 0 0 
0.526992 0.815397 0 0 0 
0.532032 0.846724 0 0 0 
0.492375 0.766304 0 0 0 
0.497605 0.797976 0 0 0 
0.502839 0.829645 0 0 0 
0.508075 0.861313 0 0 0 
0.472878 0.811192 0 0 0 
0.478295 0.84321 0 0 0 
0.483719 0.875223 0 0 0 
0.453381 0.856081 0 0 0 
0.458982 0.888446 0 0 0 
0.433884 0.900969 0 0 0 
1 2 6
2 7 6
2 3 7
3 8 7
3 4 8
4 9 8
4 5 9
6 7 10
7 11 10
7 8 11
8 12 11
8 9 12
10 11 13
11 14 13
11 12 14
13 14 15
ZONE N=15, E=16, F=FEPOINT, ET=TRIANGLE
0.900969 0.433884 0 0 0 
0.888446 0.458982 0 0 0 
0.875223 0.483719 0 0 0 
0.861313 0.508075 0 0 0 
0.846724 0.532032 0 0 0 
0.869275 0.432383 0 0 0 
0.856404 0.457297 0 0 0 
0.842839 0.481841 0 0 0 
0.828591 0.505994 0 0 0 
0.83758 0.430882 0 0 0 
0.824363 0.455609 0 0 0 
0.810458 0.479956 0 0 0 
0.805886 0.429381 0 0 0 
0.792325 0.453918 0 0 0 
0.774191 0.42788 0 0 0 
1 2 6
2 7 6
2 3 7
3 8 7
3 4 8
4 9 8
4 5 9
6 7 10
7 11 10
7 8 11
8 12 11
8 9 12
10 11 13
11 14 13
11 12 14
13 14 15
ZONE N=15, E=16, F=FEPOINT, ET=TRIANGLE
0.111964 0.993712 0 0 0 
0.0840505 0.996461 0 0 0 
0.0560704 0.998427 0 0 0 
0.0280463 0.999607 0 0 0 
6.245e-17 1 0 0 0 
0.0955218 0.950923 0 0 0 
0.0675784 0.95328 0 0 0 
0.03958 0.954852 0 0 0 
0.0115484 0.955639 0 0 0 
0.0790791 0.908134 0 0 0 
0.05111 0.910098 0 0 0 
0.0230969 0.911278 0 0 0 
0.0626364 0.865345 0 0 0 
0.0346453 0.866917 0 0 0 
0.0461937 0.822555 0 0 0 
1 2 6
2 7 6
2 3 7
3 8 7
3 4 8
4 9 8
4 5 9
6 7 10
7 11 10
7 8 11
8 12 11
8 9 12
10 11 13
11 14 13
11 12 14
13 14 15
ZONE N=15, E=16, F=FEPOINT, ET=TRIANGLE
0.330279 0.943883 0 0 0 
0.332336 0.91222 0 0 0 
0.334394 0.880557 0 0 0 
0.336451 0.848894 0 0 0 
0.338508 0.817231 0 0 0 
0.356622 0.934249 0 0 0 
0.358535 0.90222 0 0 0 
0.360445 0.870192 0 0 0 
0.362352 0.838165 0 0 0 
0.382683 0.92388 0 0 0 
0.384443 0.891488 0 0 0 
0.386196 0.8591 0 0 0 
0.408444 0.912783 0 0 0 
0.41004 0.880034 0 0 0 
0.433884 0.900969 0 0 0 
1 2 6
2 7 6
2 3 7
3 8 7
3 4 8
4 9 8
4 5 9
6 7 10
7 11 10
7 8 11
8 12 11
8 9 12
10 11 13
11 14 13
11 12 14
13 14 15
ZONE N=15, E=16, F=FEPOINT, ET=TRIANGLE
0.62349 0.781831 0 0 0 
0.601317 0.79901 0 0 0 
0.578671 0.815561 0 0 0 
0.55557 0.83147 0 0 0 
0.532032 0.846724 0 0 0 
0.595585 0.766728 0 0 0 
0.573179 0.78359 0 0 0 
0.550309 0.799818 0 0 0 
0.526992 0.815397 0 0 0 
0.567681 0.751624 0 0 0 
0.545044 0.768168 0 0 0 
0.521952 0.78407 0 0 0 
0.539776 0.73652 0 0 0 
0.516912 0.752743 0 0 0 
0.511872 0.721416 0 0 0 
1 2 6
2 7 6
2 3 7
3 8 7
3 4 8
4 9 8
4 5 9
6 7 10
7 11 10
7 8 11
8 12 11
8 9 12
10 11 13
11 14 13
11 12 14
13 14 15
ZONE N=15, E=16, F=FEPOINT, ET=TRIANGLE
0.62349 0.781831 0 0 0 
0.595585 0.766728 0 0 0 
0.567681 0.751624 0 0 0 
0.539776 0.73652 0 0 0 
0.511872 0.721416 0 0 0 
0.645172 0.764037 0 0 0 
0.617011 0.748635 0 0 0 
0.588847 0.733236 0 0 0 
0.560681 0.717839 0 0 0 
0.666347 0.745642 0 0 0 
0.637921 0.729949 0 0 0 
0.609489 0.714261 0 0 0 
0.686997 0.72666 0 0 0 
0.658298 0.710684 0 0 0 
0.707107 0.707107 0 0 0 
1 2 6
2 7 6
2 3 7
3 8 7
3 4 8
4 9 8
4 5 9
6 7 10
7 11 10
7 8 11
8 12 11
8 9 12
10 11 13
11 14 13
11 12 14
13 14 15
ZONE N=15, E=16, F=FEPOINT, ET=TRIANGLE
0.707107 0.707107 0 0 0 
0.67939 0.663538 0 0 0 
0.651673 0.619969 0 0 0 
0.623956 0.576401 0 0 0 
0.596239 0.532832 0 0 0 
0.72666 0.686997 0 0 0 
0.698655 0.643161 0 0 0 
0.670647 0.599327 0 0 0 
0.642637 0.555496 0 0 0 
0.745642 0.666347 0 0 0 
0.717341 0.622251 0 0 0 
0.689035 0.578161 0 0 0 
0.764037 0.645172 0 0 0 
0.735433 0.600825 0 0 0 
0.781831 0.62349 0 0 0 
1 2 6
2 7 6
2 3 7
3 8 7
3 4 8
4 9 8
4 5 9
6 7 10
7 11 10
7 8 11
8 12 11
8 9 12
10 11 13
11 14 13
11 12 14
13 14 15
ZONE N=15, E=16, F=FEPOINT, ET=TRIANGLE
0.974928 0.222521 0 0 0 
0.968304 0.249776 0 0 0 
0.960917 0.276836 0 0 0 
0.952775 0.303677 0 0 0 
0.943883 0.330279 0 0 0 
0.945871 0.228738 0 0 0 
0.938867 0.255891 0 0 0 
0.931104 0.282838 0 0 0 
0.922588 0.309556 0 0 0 
0.916815 0.234954 0 0 0 
0.909431 0.262003 0 0 0 
0.901292 0.288833 0 0 0 
0.887758 0.241171 0 0 0 
0.879997 0.26811 0 0 0 
0.858701 0.247388 0 0 0 
1 2 6
2 7 6
2 3 7
3 8 7
3 4 8
4 9 8
4 5 9
6 7 10
7 11 10
7 8 11
8 12 11
8 9 12
10 11 13
11 14 13
11 12 14
13 14 15
ZONE N=15, E=16, F=FEPOINT, ET=TRIANGLE
0.330279 0.943883 0 0 0 
0.303677 0.952775 0 0 0 
0.276836 0.960917 0 0 0 
0.249776 0.968304 0 0 0 
0.222521 0.974928 0 0 0 
0.285131 0.928163 0 0 0 
0.258413 0.936679 0 0 0 
0.231466 0.944442 0 0 0 
0.204313 0.951446 0 0 0 
0.239984 0.912442 0 0 0 
0.213153 0.920581 0 0 0 
0.186104 0.927964 0 0 0 
0.194836 0.896721 0 0 0 
0.167896 0.904483 0 0 0 
0.149688 0.881001 0 0 0 
1 2 6
2 7 6
2 3 7
3 8 7
3 4 8
4 9 8
4 5 9
6 7 10
7 11 10
7 8 11
8 12 11
8 9 12
10 11 13
11 14 13
11 12 14
13 14 15
ZONE N=15, E=16, F=FEPOINT, ET=TRIANGLE
0.846724 0.532032 0 0 0 
0.83147 0.55557 0 0 0 
0.815561 0.578671 0 0 0 
0.79901 0.601317 0 0 0 
0.781831 0.62349 0 0 0 
0.828591 0.505994 0 0 0 
0.813011 0.529311 0 0 0 
0.796784 0.552181 0 0 0 
0.779921 0.574587 0 0 0 
0.810458 0.479956 0 0 0 
0.794555 0.503048 0 0 0 
0.778011 0.525685 0 0 0 
0.792325 0.453918 0 0 0 
0.776101 0.476783 0 0 0 
0.774191 0.42788 0 0 0 
1 2 6
2 7 6
2 3 7
3 8 7
3 4 8
4 9 8
4 5 9
6 7 10
7 11 10
7 8 11
8 12 11
8 9 12
10 11 13
11 14 13
11 12 14
13 14 15
ZONE N=15, E=16, F=FEPOINT, ET=TRIANGLE
0.222521 0.974928 0 0 0 
0.19509 0.980785 0 0 0 
0.167506 0.985871 0 0 0 
0.13979 0.990181 0 0 0 
0.111964 0.993712 0 0 0 
0.204313 0.951446 0 0 0 
0.176809 0.956917 0 0 0 
0.149163 0.961614 0 0 0 
0.121395 0.965534 0 0 0 
0.186104 0.927964 0 0 0 
0.158531 0.933048 0 0 0 
0.130826 0.937356 0 0 0 
0.167896 0.904483 0 0 0 
0.140257 0.909179 0 0 0 
0.149688 0.881001 0 0 0 
1 2 6
2 7 6
2 3 7
3 8 7
3 4 8
4 9 8
4 5 9
6 7 10
7 11 10
7 8 11
8 12 11
8 9 12
10 11 13
11 14 13
11 12 14
13 14 15
ZONE N=15, E=16, F=FEPOINT, ET=TRIANGLE
0.900969 0.433884 0 0 0 
0.890402 0.38726 0 0 0 
0.879835 0.340636 0 0 0 
0.869268 0.294012 0 0 0 
0.858701 0.247388 0 0 0 
0.912783 0.408444 0 0 0 
0.901856 0.361663 0 0 0 
0.890927 0.314885 0 0 0 
0.879997 0.26811 0 0 0 
0.92388 0.382683 0 0 0 
0.912587 0.335755 0 0 0 
0.901292 0.288833 0 0 0 
0.934249 0.356622 0 0 0 
0.922588 0.309556 0 0 0 
0.943883 0.330279 0 0 0 
1 2 6
2 7 6
2 3 7
3 8 7
3 4 8
4 9 8
4 5 9
6 7 10
7 11 10
7 8 11
8 12 11
8 9 12
10 11 13
11 14 13
11 12 14
13 14 15
ZONE N=15, E=16, F=FEPOINT, ET=TRIANGLE
-0.883173 -0.0495979 0 0 0 
-0.910808 -0.00920732 0 0 0 
-0.938442 0.0311833 0 0 0 
-0.966077 0.0715739 0 0 0 
-0.993712 0.111964 0 0 0 
-0.91238 -0.0371984 0 0 0 
-0.940407 0.00321421 0 0 0 
-0.968434 0.0436305 0 0 0 
-0.996461 0.0840505 0 0 0 
-0.941586 -0.024799 0 0 0 
-0.970007 0.0156321 0 0 0 
-0.998427 0.0560704 0 0 0 
-0.970793 -0.0123995 0 0 0 
-0.999607 0.0280463 0 0 0 
-1 1.249e-16 0 0 0 
1 2 6
2 7 6
2 3 7
3 8 7
3 4 8
4 9 8
4 5 9
6 7 10
7 11 10
7 8 11
8 12 11
8 9 12
10 11 13
11 14 13
11 12 14
13 14 15
ZONE N=15, E=16, F=FEPOINT, ET=TRIANGLE
-0.858701 0.247388 0 0 0 
-0.879997 0.26811 0 0 0 
-0.901292 0.288833 0 0 0 
-0.922588 0.309556 0 0 0 
-0.943883 0.330279 0 0 0 
-0.887758 0.241171 0 0 0 
-0.909431 0.262003 0 0 0 
-0.931104 0.282838 0 0 0 
-0.952775 0.303677 0 0 0 
-0.916815 0.234954 0 0 0 
-0.938867 0.255891 0 0 0 
-0.960917 0.276836 0 0 0 
-0.945871 0.228738 0 0 0 
-0.968304 0.249776 0 0 0 
-0.974928 0.222521 0 0 0 
1 2 6
2 7 6
2 3 7
3 8 7
3 4 8
4 9 8
4 5 9
6 7 10
7 11 10
7 8 11
8 12 11
8 9 12
10 11 13
11 14 13
11 12 14
13 14 15
ZONE N=15, E=16, F=FEPOINT, ET=TRIANGLE
-0.943883 0.330279 0 0 0 
-0.898197 0.326528 0 0 0 
-0.852511 0.322777 0 0 0 
-0.806825 0.319025 0 0 0 
-0.761139 0.315274 0 0 0 
-0.934249 0.356622 0 0 0 
-0.888197 0.352727 0 0 0 
-0.842146 0.348828 0 0 0 
-0.796097 0.344927 0 0 0 
-0.92388 0.382683 0 0 0 
-0.877465 0.378635 0 0 0 
-0.831054 0.374579 0 0 0 
-0.912783 0.408444 0 0 0 
-0.866012 0.404231 0 0 0 
-0.900969 0.433884 0 0 0 
1 2 6
2 7 6
2 3 7
3 8 7
3 4 8
4 9 8
4 5 9
6 7 10
7 11 10
7 8 11
8 12 11
8 9 12
10 11 13
11 14 13
11 12 14
13 14 15
ZONE N=15, E=16, F=FEPOINT, ET=TRIANGLE
-0.781831 0.62349 0 0 0 
-0.751266 0.614974 0 0 0 
-0.7207 0.606458 0 0 0 
-0.690134 0.597942 0 0 0 
-0.659568 0.589426 0 0 0 
-0.764037 0.645172 0 0 0 
-0.733174 0.6364 0 0 0 
-0.702312 0.627624 0 0 0 
-0.671453 0.618847 0 0 0 
-0.745642 0.666347 0 0 0 
-0.714487 0.657309 0 0 0 
-0.683338 0.648267 0 0 0 
-0.72666 0.686997 0 0 0 
-0.695222 0.677687 0 0 0 
-0.707107 0.707107 0 0 0 
1 2 6
2 7 6
2 3 7
3 8 7
3 4 8
4 9 8
4 5 9
6 7 10
7 11 10
7 8 11
8 12 11
8 9 12
10 11 13
11 14 13
11 12 14
13 14 15
ZONE N=15, E=16, F=FEPOINT, ET=TRIANGLE
-0.517116 0.728807 0 0 0 
-0.520845 0.758286 0 0 0 
-0.524574 0.787766 0 0 0 
-0.528303 0.817245 0 0 0 
-0.532032 0.846724 0 0 0 
-0.54371 0.742063 0 0 0 
-0.547666 0.771863 0 0 0 
-0.55162 0.801665 0 0 0 
-0.55557 0.83147 0 0 0 
-0.570303 0.755319 0 0 0 
-0.57449 0.785438 0 0 0 
-0.578671 0.815561 0 0 0 
-0.596896 0.768575 0 0 0 
-0.601317 0.79901 0 0 0 
-0.62349 0.781831 0 0 0 
1 2 6
2 7 6
2 3 7
3 8 7
3 4 8
4 9 8
4 5 9
6 7 10
7 11 10
7 8 11
8 12 11
8 9 12
10 11 13
11 14 13
11 12 14
13 14 15
ZONE N=15, E=16, F=FEPOINT, ET=TRIANGLE
-0.532032 0.846724 0 0 0 
-0.498652 0.815307 0 0 0 
-0.465272 0.783889 0 0 0 
-0.431892 0.752472 0 0 0 
-0.398512 0.721054 0 0 0 
-0.508075 0.861313 0 0 0 
-0.474499 0.829554 0 0 0 
-0.440925 0.797795 0 0 0 
-0.407355 0.766033 0 0 0 
-0.483719 0.875223 0 0 0 
-0.449955 0.843119 0 0 0 
-0.416198 0.811011 0 0 0 
-0.458982 0.888446 0 0 0 
-0.425041 0.85599 0 0 0 
-0.433884 0.900969 0 0 0 
1 2 6
2 7 6
2 3 7
3 8 7
3 4 8
4 9 8
4 5 9
6 7 10
7 11 10
7 8 11
8 12 11
8 9 12
10 11 13
11 14 13
11 12 14
13 14 15
ZONE N=15, E=16, F=FEPOINT, ET=TRIANGLE
-0.222521 0.974928 0 0 0 
-0.249776 0.968304 0 0 0 
-0.276836 0.960917 0 0 0 
-0.303677 0.952775 0 0 0 
-0.330279 0.943883 0 0 0 
-0.22811 0.943694 0 0 0 
-0.255264 0.93669 0 0 0 
-0.282211 0.928927 0 0 0 
-0.308929 0.920411 0 0 0 
-0.2337 0.912461 0 0 0 
-0.260748 0.905077 0 0 0 
-0.287579 0.896938 0 0 0 
-0.239289 0.881227 0 0 0 
-0.266229 0.873466 0 0 0 
-0.244879 0.849993 0 0 0 
1 2 6
2 7 6
2 3 7
3 8 7
3 4 8
4 9 8
4 5 9
6 7 10
7 11 10
7 8 11
8 12 11
8 9 12
10 11 13
11 14 13
11 12 14
13 14 15
ZONE N=15, E=16, F=FEPOINT, ET=TRIANGLE
-0.781831 0.62349 0 0 0 
-0.79901 0.601317 0 0 0 
-0.815561 0.578671 0 0 0 
-0.83147 0.55557 0 0 0 
-0.846724 0.532032 0 0 0 
-0.781904 0.575683 0 0 0 
-0.798767 0.553277 0 0 0 
-0.814994 0.530407 0 0 0 
-0.830574 0.50709 0 0 0 
-0.781977 0.527877 0 0 0 
-0.798521 0.50524 0 0 0 
-0.814424 0.482148 0 0 0 
-0.78205 0.480071 0 0 0 
-0.798273 0.457206 0 0 0 
-0.782123 0.432264 0 0 0 
1 2 6
2 7 6
2 3 7
3 8 7
3 4 8
4 9 8
4 5 9
6 7 10
7 11 10
7 8 11
8 12 11
8 9 12
10 11 13
11 14 13
11 12 14
13 14 15
ZONE N=15, E=16, F=FEPOINT, ET=TRIANGLE
-0.900969 0.433884 0 0 0 
-0.871257 0.433479 0 0 0 
-0.841546 0.433074 0 0 0 
-0.811835 0.432669 0 0 0 
-0.782123 0.432264 0 0 0 
-0.888446 0.458982 0 0 0 
-0.858386 0.458393 0 0 0 
-0.828329 0.457801 0 0 0 
-0.798273 0.457206 0 0 0 
-0.875223 0.483719 0 0 0 
-0.844822 0.482937 0 0 0 
-0.814424 0.482148 0 0 0 
-0.861313 0.508075 0 0 0 
-0.830574 0.50709 0 0 0 
-0.846724 0.532032 0 0 0 
1 2 6
2 7 6
2 3 7
3 8 7
3 4 8
4 9 8
4 5 9
6 7 10
7 11 10
7 8 11
8 12 11
8 9 12
10 11 13
11 14 13
11 12 14
13 14 15
ZONE N=15, E=16, F=FEPOINT, ET=TRIANGLE
-0.111964 0.993712 0 0 0 
-0.0964999 0.968339 0 0 0 
-0.0810353 0.942967 0 0 0 
-0.0655707 0.917594 0 0 0 
-0.0501061 0.892221 0 0 0 
-0.0840505 0.996461 0 0 0 
-0.0685565 0.970696 0 0 0 
-0.0530662 0.944931 0 0 0 
-0.0375795 0.919166 0 0 0 
-0.0560704 0.998427 0 0 0 
-0.0405581 0.972269 0 0 0 
-0.025053 0.94611 0 0 0 
-0.0280463 0.999607 0 0 0 
-0.0125265 0.973055 0 0 0 
6.245e-17 1 0 0 0 
1 2 6
2 7 6
2 3 7
3 8 7
3 4 8
4 9 8
4 5 9
6 7 10
7 11 10
7 8 11
8 12 11
8 9 12
10 11 13
11 14 13
11 12 14
13 14 15
ZONE N=15, E=16, F=FEPOINT, ET=TRIANGLE
-0.974928 0.222521 0 0 0 
-0.980785 0.19509 0 0 0 
-0.985871 0.167506 0 0 0 
-0.990181 0.13979 0 0 0 
-0.993712 0.111964 0 0 0 
-0.945871 0.228738 0 0 0 
-0.951342 0.201234 0 0 0 
-0.95604 0.173588 0 0 0 
-0.95996 0.14582 0 0 0 
-0.916815 0.234954 0 0 0 
-0.921898 0.207381 0 0 0 
-0.926207 0.179676 0 0 0 
-0.887758 0.241171 0 0 0 
-0.892454 0.213532 0 0 0 
-0.858701 0.247388 0 0 0 
1 2 6
2 7 6
2 3 7
3 8 7
3 4 8
4 9 8
4 5 9
6 7 10
7 11 10
7 8 11
8 12 11
8 9 12
10 11 13
11 14 13
11 12 14
13 14 15
ZONE N=15, E=16, F=FEPOINT, ET=TRIANGLE
-0.330279 0.943883 0 0 0 
-0.356622 0.934249 0 0 0 
-0.382683 0.92388 0 0 0 
-0.408444 0.912783 0 0 0 
-0.433884 0.900969 0 0 0 
-0.308929 0.920411 0 0 0 
-0.335128 0.91041 0 0 0 
-0.361036 0.899679 0 0 0 
-0.386633 0.888225 0 0 0 
-0.287579 0.896938 0 0 0 
-0.313631 0.886573 0 0 0 
-0.339381 0.875481 0 0 0 
-0.266229 0.873466 0 0 0 
-0.29213 0.862737 0 0 0 
-0.244879 0.849993 0 0 0 
1 2 6
2 7 6
2 3 7
3 8 7
3 4 8
4 9 8
4 5 9
6 7 10
7 11 10
7 8 11
8 12 11
8 9 12
10 11 13
11 14 13
11 12 14
13 14 15
ZONE N=15, E=16, F=FEPOINT, ET=TRIANGLE
-0.707107 0.707107 0 0 0 
-0.659609 0.712532 0 0 0 
-0.612111 0.717957 0 0 0 
-0.564614 0.723382 0 0 0 
-0.517116 0.728807 0 0 0 
-0.686997 0.72666 0 0 0 
-0.639232 0.731797 0 0 0 
-0.591469 0.736931 0 0 0 
-0.54371 0.742063 0 0 0 
-0.666347 0.745642 0 0 0 
-0.618322 0.750483 0 0 0 
-0.570303 0.755319 0 0 0 
-0.645172 0.764037 0 0 0 
-0.596896 0.768575 0 0 0 
-0.62349 0.781831 0 0 0 
1 2 6
2 7 6
2 3 7
3 8 7
3 4 8
4 9 8
4 5 9
6 7 10
7 11 10
7 8 11
8 12 11
8 9 12
10 11 13
11 14 13
11 12 14
13 14 15
ZONE N=15, E=16, F=FEPOINT, ET=TRIANGLE
-0.222521 0.974928 0 0 0 
-0.179417 0.954251 0 0 0 
-0.136313 0.933574 0 0 0 
-0.0932098 0.912898 0 0 0 
-0.0501061 0.892221 0 0 0 
-0.19509 0.980785 0 0 0 
-0.151913 0.959722 0 0 0 
-0.10874 0.938658 0 0 0 
-0.0655707 0.917594 0 0 0 
-0.167506 0.985871 0 0 0 
-0.124267 0.964419 0 0 0 
-0.0810353 0.942967 0 0 0 
-0.13979 0.990181 0 0 0 
-0.0964999 0.968339 0 0 0 
-0.111964 0.993712 0 0 0 
1 2 6
2 7 6
2 3 7
3 8 7
3 4 8
4 9 8
4 5 9
6 7 10
7 11 10
7 8 11
8 12 11
8 9 12
10 11 13
11 14 13
11 12 14
13 14 15
ZONE N=15, E=16, F=FEPOINT, ET=TRIANGLE
-0.846724 -0.532032 0 0 0 
-0.839351 -0.483651 0 0 0 
-0.831978 -0.43527 0 0 0 
-0.824604 -0.386889 0 0 0 
-0.817231 -0.338508 0 0 0 
-0.861313 -0.508075 0 0 0 
-0.853599 -0.459498 0 0 0 
-0.845883 -0.410923 0 0 0 
-0.838165 -0.362352 0 0 0 
-0.875223 -0.483719 0 0 0 
-0.867163 -0.434954 0 0 0 
-0.8591 -0.386196 0 0 0 
-0.888446 -0.458982 0 0 0 
-0.880034 -0.41004 0 0 0 
-0.900969 -0.433884 0 0 0 
1 2 6
2 7 6
2 3 7
3 8 7
3 4 8
4 9 8
4 5 9
6 7 10
7 11 10
7 8 11
8 12 11
8 9 12
10 11 13
11 14 13
11 12 14
13 14 15
ZONE N=15, E=16, F=FEPOINT, ET=TRIANGLE
-0.943883 -0.330279 0 0 0 
-0.934249 -0.356622 0 0 0 
-0.92388 -0.382683 0 0 0 
-0.912783 -0.408444 0 0 0 
-0.900969 -0.433884 0 0 0 
-0.91222 -0.332336 0 0 0 
-0.90222 -0.358535 0 0 0 
-0.891488 -0.384443 0 0 0 
-0.880034 -0.41004 0 0 0 
-0.880557 -0.334394 0 0 0 
-0.870192 -0.360445 0 0 0 
-0.8591 -0.386196 0 0 0 
-0.848894 -0.336451 0 0 0 
-0.838165 -0.362352 0 0 0 
-0.817231 -0.338508 0 0 0 
1 2 6
2 7 6
2 3 7
3 8 7
3 4 8
4 9 8
4 5 9
6 7 10
7 11 10
7 8 11
8 12 11
8 9 12
10 11 13
11 14 13
11 12 14
13 14 15
ZONE N=15, E=16, F=FEPOINT, ET=TRIANGLE
-0.111964 -0.993712 0 0 0 
-0.121016 -0.963301 0 0 0 
-0.130067 -0.932889 0 0 0 
-0.139119 -0.902478 0 0 0 
-0.14817 -0.872066 0 0 0 
-0.13979 -0.990181 0 0 0 
-0.148783 -0.959381 0 0 0 
-0.157772 -0.928581 0 0 0 
-0.166758 -0.897782 0 0 0 
-0.167506 -0.985871 0 0 0 
-0.176429 -0.954683 0 0 0 
-0.185345 -0.923497 0 0 0 
-0.19509 -0.980785 0 0 0 
-0.203933 -0.949213 0 0 0 
-0.222521 -0.974928 0 0 0 
1 2 6
2 7 6
2 3 7
3 8 7
3 4 8
4 9 8
4 5 9
6 7 10
7 11 10
7 8 11
8 12 11
8 9 12
10 11 13
11 14 13
11 12 14
13 14 15
ZONE N=15, E=16, F=FEPOINT, ET=TRIANGLE
-0.222521 -0.974928 0 0 0 
-0.251518 -0.935504 0 0 0 
-0.280515 -0.896079 0 0 0 
-0.309511 -0.856655 0 0 0 
-0.338508 -0.817231 0 0 0 
-0.249776 -0.968304 0 0 0 
-0.278671 -0.928499 0 0 0 
-0.307563 -0.888696 0 0 0 
-0.336451 -0.848894 0 0 0 
-0.276836 -0.960917 0 0 0 
-0.305618 -0.920736 0 0 0 
-0.334394 -0.880557 0 0 0 
-0.303677 -0.952775 0 0 0 
-0.332336 -0.91222 0 0 0 
-0.330279 -0.943883 0 0 0 
1 2 6
2 7 6
2 3 7
3 8 7
3 4 8
4 9 8
4 5 9
6 7 10
7 11 10
7 8 11
8 12 11
8 9 12
10 11 13
11 14 13
11 12 14
13 14 15
ZONE N=15, E=16, F=FEPOINT, ET=TRIANGLE
-0.433884 -0.900969 0 0 0 
-0.408444 -0.912783 0 0 0 
-0.382683 -0.92388 0 0 0 
-0.356622 -0.934249 0 0 0 
-0.330279 -0.943883 0 0 0 
-0.41004 -0.880034 0 0 0 
-0.384443 -0.891488 0 0 0 
-0.358535 -0.90222 0 0 0 
-0.332336 -0.91222 0 0 0 
-0.386196 -0.8591 0 0 0 
-0.360445 -0.870192 0 0 0 
-0.334394 -0.880557 0 0 0 
-0.362352 -0.838165 0 0 0 
-0.336451 -0.848894 0 0 0 
-0.338508 -0.817231 0 0 0 
1 2 6
2 7 6
2 3 7
3 8 7
3 4 8
4 9 8
4 5 9
6 7 10
7 11 10
7 8 11
8 12 11
8 9 12
10 11 13
11 14 13
11 12 14
13 14 15
ZONE N=15, E=16, F=FEPOINT, ET=TRIANGLE
-0.338508 -0.817231 0 0 0 
-0.386889 -0.824604 0 0 0 
-0.43527 -0.831978 0 0 0 
-0.483651 -0.839351 0 0 0 
-0.532032 -0.846724 0 0 0 
-0.362352 -0.838165 0 0 0 
-0.410923 -0.845883 0 0 0 
-0.459498 -0.853599 0 0 0 
-0.508075 -0.861313 0 0 0 
-0.386196 -0.8591 0 0 0 
-0.434954 -0.867163 0 0 0 
-0.483719 -0.875223 0 0 0 
-0.41004 -0.880034 0 0 0 
-0.458982 -0.888446 0 0 0 
-0.433884 -0.900969 0 0 0 
1 2 6
2 7 6
2 3 7
3 8 7
3 4 8
4 9 8
4 5 9
6 7 10
7 11 10
7 8 11
8 12 11
8 9 12
10 11 13
11 14 13
11 12 14
13 14 15
ZONE N=15, E=16, F=FEPOINT, ET=TRIANGLE
-0.846724 -0.532032 0 0 0 
-0.83147 -0.55557 0 0 0 
-0.815561 -0.578671 0 0 0 
-0.79901 -0.601317 0 0 0 
-0.781831 -0.62349 0 0 0 
-0.815397 -0.526992 0 0 0 
-0.799818 -0.550309 0 0 0 
-0.78359 -0.573179 0 0 0 
-0.766728 -0.595585 0 0 0 
-0.78407 -0.521952 0 0 0 
-0.768168 -0.545044 0 0 0 
-0.751624 -0.567681 0 0 0 
-0.752743 -0.516912 0 0 0 
-0.73652 -0.539776 0 0 0 
-0.721416 -0.511872 0 0 0 
1 2 6
2 7 6
2 3 7
3 8 7
3 4 8
4 9 8
4 5 9
6 7 10
7 11 10
7 8 11
8 12 11
8 9 12
10 11 13
11 14 13
11 12 14
13 14 15
ZONE N=15, E=16, F=FEPOINT, ET=TRIANGLE
-0.817231 -0.338508 0 0 0 
-0.856655 -0.309511 0 0 0 
-0.896079 -0.280515 0 0 0 
-0.935504 -0.251518 0 0 0 
-0.974928 -0.222521 0 0 0 
-0.848894 -0.336451 0 0 0 
-0.888696 -0.307563 0 0 0 
-0.928499 -0.278671 0 0 0 
-0.968304 -0.249776 0 0 0 
-0.880557 -0.334394 0 0 0 
-0.920736 -0.305618 0 0 0 
-0.960917 -0.276836 0 0 0 
-0.91222 -0.332336 0 0 0 
-0.952775 -0.303677 0 0 0 
-0.943883 -0.330279 0 0 0 
1 2 6
2 7 6
2 3 7
3 8 7
3 4 8
4 9 8
4 5 9
6 7 10
7 11 10
7 8 11
8 12 11
8 9 12
10 11 13
11 14 13
11 12 14
13 14 15
ZONE N=15, E=16, F=FEPOINT, ET=TRIANGLE
-1 1.249e-16 0 0 0 
-0.999607 -0.0280463 0 0 0 
-0.998427 -0.0560704 0 0 0 
-0.996461 -0.0840505 0 0 0 
-0.993712 -0.111964 0 0 0 
-0.970793 -0.0123995 0 0 0 
-0.970007 -0.040431 0 0 0 
-0.968434 -0.0684295 0 0 0 
-0.966077 -0.0963728 0 0 0 
-0.941586 -0.024799 0 0 0 
-0.940407 -0.0528121 0 0 0 
-0.938442 -0.0807812 0 0 0 
-0.91238 -0.0371984 0 0 0 
-0.910808 -0.0651896 0 0 0 
-0.883173 -0.0495979 0 0 0 
1 2 6
2 7 6
2 3 7
3 8 7
3 4 8
4 9 8
4 5 9
6 7 10
7 11 10
7 8 11
8 12 11
8 9 12
10 11 13
11 14 13
11 12 14
13 14 15
ZONE N=15, E=16, F=FEPOINT, ET=TRIANGLE
-0.974928 -0.222521 0 0 0 
-0.951989 -0.17929 0 0 0 
-0.92905 -0.136059 0 0 0 
-0.906112 -0.0928287 0 0 0 
-0.883173 -0.0495979 0 0 0 
-0.980785 -0.19509 0 0 0 
-0.95746 -0.151786 0 0 0 
-0.934134 -0.108486 0 0 0 
-0.910808 -0.0651896 0 0 0 
-0.985871 -0.167506 0 0 0 
-0.962157 -0.12414 0 0 0 
-0.938442 -0.0807812 0 0 0 
-0.990181 -0.13979 0 0 0 
-0.966077 -0.0963728 0 0 0 
-0.993712 -0.111964 0 0 0 
1 2 6
2 7 6
2 3 7
3 8 7
3 4 8
4 9 8
4 5 9
6 7 10
7 11 10
7 8 11
8 12 11
8 9 12
10 11 13
11 14 13
11 12 14
13 14 15
ZONE N=15, E=16, F=FEPOINT, ET=TRIANGLE
-0.707107 -0.707107 0 0 0 
-0.686997 -0.72666 0 0 0 
-0.666347 -0.745642 0 0 0 
-0.645172 -0.764037 0 0 0 
-0.62349 -0.781831 0 0 0 
-0.677687 -0.695222 0 0 0 
-0.657309 -0.714487 0 0 0 
-0.6364 -0.733174 0 0 0 
-0.614974 -0.751266 0 0 0 
-0.648267 -0.683338 0 0 0 
-0.627624 -0.702312 0 0 0 
-0.606458 -0.7207 0 0 0 
-0.618847 -0.671453 0 0 0 
-0.597942 -0.690134 0 0 0 
-0.589426 -0.659568 0 0 0 
1 2 6
2 7 6
2 3 7
3 8 7
3 4 8
4 9 8
4 5 9
6 7 10
7 11 10
7 8 11
8 12 11
8 9 12
10 11 13
11 14 13
11 12 14
13 14 15
ZONE N=15, E=16, F=FEPOINT, ET=TRIANGLE
-0.14817 -0.872066 0 0 0 
-0.139119 -0.902478 0 0 0 
-0.130067 -0.932889 0 0 0 
-0.121016 -0.963301 0 0 0 
-0.111964 -0.993712 0 0 0 
-0.111128 -0.90405 0 0 0 
-0.102098 -0.934854 0 0 0 
-0.0930725 -0.965658 0 0 0 
-0.0840505 -0.996461 0 0 0 
-0.074085 -0.936033 0 0 0 
-0.0650741 -0.96723 0 0 0 
-0.0560704 -0.998427 0 0 0 
-0.0370425 -0.968017 0 0 0 
-0.0280463 -0.999607 0 0 0 
-1.94289e-16 -1 0 0 0 
1 2 6
2 7 6
2 3 7
3 8 7
3 4 8
4 9 8
4 5 9
6 7 10
7 11 10
7 8 11
8 12 11
8 9 12
10 11 13
11 14 13
11 12 14
13 14 15
ZONE N=15, E=16, F=FEPOINT, ET=TRIANGLE
-0.721416 -0.511872 0 0 0 
-0.73652 -0.539776 0 0 0 
-0.751624 -0.567681 0 0 0 
-0.766728 -0.595585 0 0 0 
-0.781831 -0.62349 0 0 0 
-0.717839 -0.560681 0 0 0 
-0.733236 -0.588847 0 0 0 
-0.748635 -0.617011 0 0 0 
-0.764037 -0.645172 0 0 0 
-0.714261 -0.609489 0 0 0 
-0.729949 -0.637921 0 0 0 
-0.745642 -0.666347 0 0 0 
-0.710684 -0.658298 0 0 0 
-0.72666 -0.686997 0 0 0 
-0.707107 -0.707107 0 0 0 
1 2 6
2 7 6
2 3 7
3 8 7
3 4 8
4 9 8
4 5 9
6 7 10
7 11 10
7 8 11
8 12 11
8 9 12
10 11 13
11 14 13
11 12 14
13 14 15
ZONE N=15, E=16, F=FEPOINT, ET=TRIANGLE
-0.589426 -0.659568 0 0 0 
-0.597942 -0.690134 0 0 0 
-0.606458 -0.7207 0 0 0 
-0.614974 -0.751266 0 0 0 
-0.62349 -0.781831 0 0 0 
-0.575078 -0.706357 0 0 0 
-0.583821 -0.737244 0 0 0 
-0.592568 -0.768128 0 0 0 
-0.601317 -0.79901 0 0 0 
-0.560729 -0.753146 0 0 0 
-0.569697 -0.784356 0 0 0 
-0.578671 -0.815561 0 0 0 
-0.546381 -0.799935 0 0 0 
-0.55557 -0.83147 0 0 0 
-0.532032 -0.846724 0 0 0 
1 2 6
2 7 6
2 3 7
3 8 7
3 4 8
4 9 8
4 5 9
6 7 10
7 11 10
7 8 11
8 12 11
8 9 12
10 11 13
11 14 13
11 12 14
13 14 15
ZONE N=15, E=16, F=FEPOINT, ET=TRIANGLE
-1.80411e-16 -1 0 0 0 
0.0280463 -0.999607 0 0 0 
0.0560704 -0.998427 0 0 0 
0.0840505 -0.996461 0 0 0 
0.111964 -0.993712 0 0 0 
0.0123995 -0.970793 0 0 0 
0.040431 -0.970007 0 0 0 
0.0684295 -0.968434 0 0 0 
0.0963728 -0.966077 0 0 0 
0.024799 -0.941586 0 0 0 
0.0528121 -0.940407 0 0 0 
0.0807812 -0.938442 0 0 0 
0.0371984 -0.91238 0 0 0 
0.0651896 -0.910808 0 0 0 
0.0495979 -0.883173 0 0 0 
1 2 6
2 7 6
2 3 7
3 8 7
3 4 8
4 9 8
4 5 9
6 7 10
7 11 10
7 8 11
8 12 11
8 9 12
10 11 13
11 14 13
11 12 14
13 14 15
ZONE N=15, E=16, F=FEPOINT, ET=TRIANGLE
0.943883 -0.330279 0 0 0 
0.952775 -0.303677 0 0 0 
0.960917 -0.276836 0 0 0 
0.968304 -0.249776 0 0 0 
0.974928 -0.222521 0 0 0 
0.91222 -0.332336 0 0 0 
0.920736 -0.305618 0 0 0 
0.928499 -0.278671 0 0 0 
0.935504 -0.251518 0 0 0 
0.880557 -0.334394 0 0 0 
0.888696 -0.307563 0 0 0 
0.896079 -0.280515 0 0 0 
0.848894 -0.336451 0 0 0 
0.856655 -0.309511 0 0 0 
0.817231 -0.338508 0 0 0 
1 2 6
2 7 6
2 3 7
3 8 7
3 4 8
4 9 8
4 5 9
6 7 10
7 11 10
7 8 11
8 12 11
8 9 12
10 11 13
11 14 13
11 12 14
13 14 15
ZONE N=15, E=16, F=FEPOINT, ET=TRIANGLE
0.433884 -0.900969 0 0 0 
0.458982 -0.888446 0 0 0 
0.483719 -0.875223 0 0 0 
0.508075 -0.861313 0 0 0 
0.532032 -0.846724 0 0 0 
0.453381 -0.856081 0 0 0 
0.478295 -0.84321 0 0 0 
0.502839 -0.829645 0 0 0 
0.526992 -0.815397 0 0 0 
0.472878 -0.811192 0 0 0 
0.497605 -0.797976 0 0 0 
0.521952 -0.78407 0 0 0 
0.492375 -0.766304 0 0 0 
0.516912 -0.752743 0 0 0 
0.511872 -0.721416 0 0 0 
1 2 6
2 7 6
2 3 7
3 8 7
3 4 8
4 9 8
4 5 9
6 7 10
7 11 10
7 8 11
8 12 11
8 9 12
10 11 13
11 14 13
11 12 14
13 14 15
ZONE N=15, E=16, F=FEPOINT, ET=TRIANGLE
0.433884 -0.900969 0 0 0 
0.41004 -0.880034 0 0 0 
0.386196 -0.8591 0 0 0 
0.362352 -0.838165 0 0 0 
0.338508 -0.817231 0 0 0 
0.408444 -0.912783 0 0 0 
0.384443 -0.891488 0 0 0 
0.360445 -0.870192 0 0 0 
0.336451 -0.848894 0 0 0 
0.382683 -0.92388 0 0 0 
0.358535 -0.90222 0 0 0 
0.334394 -0.880557 0 0 0 
0.356622 -0.934249 0 0 0 
0.332336 -0.91222 0 0 0 
0.330279 -0.943883 0 0 0 
1 2 6
2 7 6
2 3 7
3 8 7
3 4 8
4 9 8
4 5 9
6 7 10
7 11 10
7 8 11
8 12 11
8 9 12
10 11 13
11 14 13
11 12 14
13 14 15
ZONE N=15, E=16, F=FEPOINT, ET=TRIANGLE
0.511872 -0.721416 0 0 0 
0.539776 -0.73652 0 0 0 
0.567681 -0.751624 0 0 0 
0.595585 -0.766728 0 0 0 
0.62349 -0.781831 0 0 0 
0.560681 -0.717839 0 0 0 
0.588847 -0.733236 0 0 0 
0.617011 -0.748635 0 0 0 
0.645172 -0.764037 0 0 0 
0.609489 -0.714261 0 0 0 
0.637921 -0.729949 0 0 0 
0.666347 -0.745642 0 0 0 
0.658298 -0.710684 0 0 0 
0.686997 -0.72666 0 0 0 
0.707107 -0.707107 0 0 0 
1 2 6
2 7 6
2 3 7
3 8 7
3 4 8
4 9 8
4 5 9
6 7 10
7 11 10
7 8 11
8 12 11
8 9 12
10 11 13
11 14 13
11 12 14
13 14 15
ZONE N=15, E=16, F=FEPOINT, ET=TRIANGLE
0.532032 -0.846724 0 0 0 
0.55557 -0.83147 0 0 0 
0.578671 -0.815561 0 0 0 
0.601317 -0.79901 0 0 0 
0.62349 -0.781831 0 0 0 
0.526992 -0.815397 0 0 0 
0.550309 -0.799818 0 0 0 
0.573179 -0.78359 0 0 0 
0.595585 -0.766728 0 0 0 
0.521952 -0.78407 0 0 0 
0.545044 -0.768168 0 0 0 
0.567681 -0.751624 0 0 0 
0.516912 -0.752743 0 0 0 
0.539776 -0.73652 0 0 0 
0.511872 -0.721416 0 0 0 
1 2 6
2 7 6
2 3 7
3 8 7
3 4 8
4 9 8
4 5 9
6 7 10
7 11 10
7 8 11
8 12 11
8 9 12
10 11 13
11 14 13
11 12 14
13 14 15
ZONE N=15, E=16, F=FEPOINT, ET=TRIANGLE
0.330279 -0.943883 0 0 0 
0.332336 -0.91222 0 0 0 
0.334394 -0.880557 0 0 0 
0.336451 -0.848894 0 0 0 
0.338508 -0.817231 0 0 0 
0.303677 -0.952775 0 0 0 
0.305618 -0.920736 0 0 0 
0.307563 -0.888696 0 0 0 
0.309511 -0.856655 0 0 0 
0.276836 -0.960917 0 0 0 
0.278671 -0.928499 0 0 0 
0.280515 -0.896079 0 0 0 
0.249776 -0.968304 0 0 0 
0.251518 -0.935504 0 0 0 
0.222521 -0.974928 0 0 0 
1 2 6
2 7 6
2 3 7
3 8 7
3 4 8
4 9 8
4 5 9
6 7 10
7 11 10
7 8 11
8 12 11
8 9 12
10 11 13
11 14 13
11 12 14
13 14 15
ZONE N=15, E=16, F=FEPOINT, ET=TRIANGLE
0.943883 -0.330279 0 0 0 
0.91222 -0.332336 0 0 0 
0.880557 -0.334394 0 0 0 
0.848894 -0.336451 0 0 0 
0.817231 -0.338508 0 0 0 
0.934249 -0.356622 0 0 0 
0.90222 -0.358535 0 0 0 
0.870192 -0.360445 0 0 0 
0.838165 -0.362352 0 0 0 
0.92388 -0.382683 0 0 0 
0.891488 -0.384443 0 0 0 
0.8591 -0.386196 0 0 0 
0.912783 -0.408444 0 0 0 
0.880034 -0.41004 0 0 0 
0.900969 -0.433884 0 0 0 
1 2 6
2 7 6
2 3 7
3 8 7
3 4 8
4 9 8
4 5 9
6 7 10
7 11 10
7 8 11
8 12 11
8 9 12
10 11 13
11 14 13
11 12 14
13 14 15
ZONE N=15, E=16, F=FEPOINT, ET=TRIANGLE
0.974928 -0.222521 0 0 0 
0.980785 -0.19509 0 0 0 
0.985871 -0.167506 0 0 0 
0.990181 -0.13979 0 0 0 
0.993712 -0.111964 0 0 0 
0.951989 -0.17929 0 0 0 
0.95746 -0.151786 0 0 0 
0.962157 -0.12414 0 0 0 
0.966077 -0.0963728 0 0 0 
0.92905 -0.136059 0 0 0 
0.934134 -0.108486 0 0 0 
0.938442 -0.0807812 0 0 0 
0.906112 -0.0928287 0 0 0 
0.910808 -0.0651896 0 0 0 
0.883173 -0.0495979 0 0 0 
1 2 6
2 7 6
2 3 7
3 8 7
3 4 8
4 9 8
4 5 9
6 7 10
7 11 10
7 8 11
8 12 11
8 9 12
10 11 13
11 14 13
11 12 14
13 14 15
ZONE N=15, E=16, F=FEPOINT, ET=TRIANGLE
0.846724 -0.532032 0 0 0 
0.817245 -0.528303 0 0 0 
0.787766 -0.524574 0 0 0 
0.758286 -0.520845 0 0 0 
0.728807 -0.517116 0 0 0 
0.83147 -0.55557 0 0 0 
0.801665 -0.55162 0 0 0 
0.771863 -0.547666 0 0 0 
0.742063 -0.54371 0 0 0 
0.815561 -0.578671 0 0 0 
0.785438 -0.57449 0 0 0 
0.755319 -0.570303 0 0 0 
0.79901 -0.601317 0 0 0 
0.768575 -0.596896 0 0 0 
0.781831 -0.62349 0 0 0 
1 2 6
2 7 6
2 3 7
3 8 7
3 4 8
4 9 8
4 5 9
6 7 10
7 11 10
7 8 11
8 12 11
8 9 12
10 11 13
11 14 13
11 12 14
13 14 15
ZONE N=15, E=16, F=FEPOINT, ET=TRIANGLE
1 -1.13104e-15 0 0 0 
0.970793 -0.0123995 0 0 0 
0.941586 -0.024799 0 0 0 
0.91238 -0.0371984 0 0 0 
0.883173 -0.0495979 0 0 0 
0.999607 -0.0280463 0 0 0 
0.970007 -0.040431 0 0 0 
0.940407 -0.0528121 0 0 0 
0.910808 -0.0651896 0 0 0 
0.998427 -0.0560704 0 0 0 
0.968434 -0.0684295 0 0 0 
0.938442 -0.0807812 0 0 0 
0.996461 -0.0840505 0 0 0 
0.966077 -0.0963728 0 0 0 
0.993712 -0.111964 0 0 0 
1 2 6
2 7 6
2 3 7
3 8 7
3 4 8
4 9 8
4 5 9
6 7 10
7 11 10
7 8 11
8 12 11
8 9 12
10 11 13
11 14 13
11 12 14
13 14 15
ZONE N=15, E=16, F=FEPOINT, ET=TRIANGLE
0.0495979 -0.883173 0 0 0 
0.0651896 -0.910808 0 0 0 
0.0807812 -0.938442 0 0 0 
0.0963728 -0.966077 0 0 0 
0.111964 -0.993712 0 0 0 
0.0928287 -0.906112 0 0 0 
0.108486 -0.934134 0 0 0 
0.12414 -0.962157 0 0 0 
0.13979 -0.990181 0 0 0 
0.136059 -0.92905 0 0 0 
0.151786 -0.95746 0 0 0 
0.167506 -0.985871 0 0 0 
0.17929 -0.951989 0 0 0 
0.19509 -0.980785 0 0 0 
0.222521 -0.974928 0 0 0 
1 2 6
2 7 6
2 3 7
3 8 7
3 4 8
4 9 8
4 5 9
6 7 10
7 11 10
7 8 11
8 12 11
8 9 12
10 11 13
11 14 13
11 12 14
13 14 15
ZONE N=15, E=16, F=FEPOINT, ET=TRIANGLE
0.781831 -0.62349 0 0 0 
0.739948 -0.60486 0 0 0 
0.698065 -0.58623 0 0 0 
0.656182 -0.5676 0 0 0 
0.614298 -0.548971 0 0 0 
0.764037 -0.645172 0 0 0 
0.721856 -0.626286 0 0 0 
0.679677 -0.607396 0 0 0 
0.6375 -0.588505 0 0 0 
0.745642 -0.666347 0 0 0 
0.70317 -0.647195 0 0 0 
0.660703 -0.628039 0 0 0 
0.72666 -0.686997 0 0 0 
0.683905 -0.667573 0 0 0 
0.707107 -0.707107 0 0 0 
1 2 6
2 7 6
2 3 7
3 8 7
3 4 8
4 9 8
4 5 9
6 7 10
7 11 10
7 8 11
8 12 11
8 9 12
10 11 13
11 14 13
11 12 14
13 14 15
ZONE N=15, E=16, F=FEPOINT, ET=TRIANGLE
0.900969 -0.433884 0 0 0 
0.857928 -0.454692 0 0 0 
0.814888 -0.4755 0 0 0 
0.771847 -0.496308 0 0 0 
0.728807 -0.517116 0 0 0 
0.888446 -0.458982 0 0 0 
0.845057 -0.479606 0 0 0 
0.801671 -0.500227 0 0 0 
0.758286 -0.520845 0 0 0 
0.875223 -0.483719 0 0 0 
0.831493 -0.50415 0 0 0 
0.787766 -0.524574 0 0 0 
0.861313 -0.508075 0 0 0 
0.817245 -0.528303 0 0 0 
0.846724 -0.532032 0 0 0 
1 2 6
2 7 6
2 3 7
3 8 7
3 4 8
4 9 8
4 5 9
6 7 10
7 11 10
7 8 11
8 12 11
8 9 12
10 11 13
11 14 13
11 12 14
13 14 15
ZONE N=15, E=16, F=FEPOINT, ET=TRIANGLE
0.25 0 0 0 0 
0.21875 0.0621985 0 0 0 
0.1875 0.124397 0 0 0 
0.15625 0.186596 0 0 0 
0.125 0.248794 0 0 0 
0.1875 0 0 0 0 
0.15625 0.0621985 0 0 0 
0.125 0.124397 0 0 0 
0.09375 0.186596 0 0 0 
0.125 0 0 0 0 
0.09375 0.0621985 0 0 0 
0.0625 0.124397 0 0 0 
0.0625 -6.93889e-18 0 0 0 
0.03125 0.0621985 0 0 0 
9.99201e-16 0 0 0 0 
1 2 6
2 7 6
2 3 7
3 8 7
3 4 8
4 9 8
4 5 9
6 7 10
7 11 10
7 8 11
8 12 11
8 9 12
10 11 13
11 14 13
11 12 14
13 14 15
ZONE N=15, E=16, F=FEPOINT, ET=TRIANGLE
9.99201e-16 0 0 0 0 
-0.0366817 0.0628374 0 0 0 
-0.0733634 0.125675 0 0 0 
-0.110045 0.188512 0 0 0 
-0.146727 0.25135 0 0 0 
-0.0625 0 0 0 0 
-0.0991817 0.0628374 0 0 0 
-0.135863 0.125675 0 0 0 
-0.172545 0.188512 0 0 0 
-0.125 0 0 0 0 
-0.161682 0.0628374 0 0 0 
-0.198363 0.125675 0 0 0 
-0.1875 0 0 0 0 
-0.224182 0.0628374 0 0 0 
-0.25 0 0 0 0 
1 2 6
2 7 6
2 3 7
3 8 7
3 4 8
4 9 8
4 5 9
6 7 10
7 11 10
7 8 11
8 12 11
8 9 12
10 11 13
11 14 13
11 12 14
13 14 15
ZONE N=15, E=16, F=FEPOINT, ET=TRIANGLE
0.25 0 0 0 0 
0.297851 -0.0484473 0 0 0 
0.345702 -0.0968946 0 0 0 
0.393553 -0.145342 0 0 0 
0.441404 -0.193789 0 0 0 
0.3125 0 0 0 0 
0.360351 -0.0484473 0 0 0 
0.408202 -0.0968946 0 0 0 
0.456053 -0.145342 0 0 0 
0.375 0 0 0 0 
0.422851 -0.0484473 0 0 0 
0.470702 -0.0968946 0 0 0 
0.4375 0 0 0 0 
0.485351 -0.0484473 0 0 0 
0.5 0 0 0 0 
1 2 6
2 7 6
2 3 7
3 8 7
3 4 8
4 9 8
4 5 9
6 7 10
7 11 10
7 8 11
8 12 11
8 9 12
10 11 13
11 14 13
11 12 14
13 14 15
ZONE N=15, E=16, F=FEPOINT, ET=TRIANGLE
0.25 0 0 0 0 
0.3125 -6.93889e-18 0 0 0 
0.375 0 0 0 0 
0.4375 0 0 0 0 
0.5 0 0 0 0 
0.287431 0.0508782 0 0 0 
0.349931 0.0508782 0 0 0 
0.412431 0.0508782 0 0 0 
0.474931 0.0508782 0 0 0 
0.324862 0.101756 0 0 0 
0.387362 0.101756 0 0 0 
0.449862 0.101756 0 0 0 
0.362293 0.152634 0 0 0 
0.424793 0.152634 0 0 0 
0.399724 0.203513 0 0 0 
1 2 6
2 7 6
2 3 7
3 8 7
3 4 8
4 9 8
4 5 9
6 7 10
7 11 10
7 8 11
8 12 11
8 9 12
10 11 13
11 14 13
11 12 14
13 14 15
ZONE N=15, E=16, F=FEPOINT, ET=TRIANGLE
9.99201e-16 0 0 0 0 
0.0180483 -0.0963333 0 0 0 
0.0360966 -0.192667 0 0 0 
0.0541449 -0.289 0 0 0 
0.0721931 -0.385333 0 0 0 
0.0625 0 0 0 0 
0.0805483 -0.0963333 0 0 0 
0.0985966 -0.192667 0 0 0 
0.116645 -0.289 0 0 0 
0.125 0 0 0 0 
0.143048 -0.0963333 0 0 0 
0.161097 -0.192667 0 0 0 
0.1875 2.77556e-17 0 0 0 
0.205548 -0.0963333 0 0 0 
0.25 0 0 0 0 
1 2 6
2 7 6
2 3 7
3 8 7
3 4 8
4 9 8
4 5 9
6 7 10
7 11 10
7 8 11
8 12 11
8 9 12
10 11 13
11 14 13
11 12 14
13 14 15
ZONE N=15, E=16, F=FEPOINT, ET=TRIANGLE
-0.25 0 0 0 0 
-0.221853 -0.0713353 0 0 0 
-0.193706 -0.142671 0 0 0 
-0.16556 -0.214006 0 0 0 
-0.137413 -0.285341 0 0 0 
-0.1875 0 0 0 0 
-0.159353 -0.0713353 0 0 0 
-0.131206 -0.142671 0 0 0 
-0.10306 -0.214006 0 0 0 
-0.125 0 0 0 0 
-0.0968532 -0.0713353 0 0 0 
-0.0687065 -0.142671 0 0 0 
-0.0625 0 0 0 0 
-0.0343532 -0.0713353 0 0 0 
9.99201e-16 0 0 0 0 
1 2 6
2 7 6
2 3 7
3 8 7
3 4 8
4 9 8
4 5 9
6 7 10
7 11 10
7 8 11
8 12 11
8 9 12
10 11 13
11 14 13
11 12 14
13 14 15
ZONE N=15, E=16, F=FEPOINT, ET=TRIANGLE
-0.25 0 0 0 0 
-0.291916 0.0576236 0 0 0 
-0.333832 0.115247 0 0 0 
-0.375748 0.172871 0 0 0 
-0.417664 0.230495 0 0 0 
-0.3125 0 0 0 0 
-0.354416 0.0576236 0 0 0 
-0.396332 0.115247 0 0 0 
-0.438248 0.172871 0 0 0 
-0.375 0 0 0 0 
-0.416916 0.0576236 0 0 0 
-0.458832 0.115247 0 0 0 
-0.4375 -6.93889e-18 0 0 0 
-0.479416 0.0576236 0 0 0 
-0.5 0 0 0 0 
1 2 6
2 7 6
2 3 7
3 8 7
3 4 8
4 9 8
4 5 9
6 7 10
7 11 10
7 8 11
8 12 11
8 9 12
10 11 13
11 14 13
11 12 14
13 14 15
ZONE N=15, E=16, F=FEPOINT, ET=TRIANGLE
-0.25 0 0 0 0 
-0.3125 -1.38778e-17 0 0 0 
-0.375 0 0 0 0 
-0.4375 0 0 0 0 
-0.5 0 0 0 0 
-0.273855 -0.0506332 0 0 0 
-0.336355 -0.0506332 0 0 0 
-0.398855 -0.0506332 0 0 0 
-0.461355 -0.0506332 0 0 0 
-0.297711 -0.101266 0 0 0 
-0.360211 -0.101266 0 0 0 
-0.422711 -0.101266 0 0 0 
-0.321566 -0.1519 0 0 0 
-0.384066 -0.1519 0 0 0 
-0.345422 -0.202533 0 0 0 
1 2 6
2 7 6
2 3 7
3 8 7
3 4 8
4 9 8
4 5 9
6 7 10
7 11 10
7 8 11
8 12 11
8 9 12
10 11 13
11 14 13
11 12 14
13 14 15
