ZONE N=15, E=16, F=FEPOINT, ET=TRIANGLE
0.228927 0.900892 0 0 0 0 
0.244266 0.914904 0 0 0 0 
0.259606 0.928916 0 0 0 0 
0.274945 0.942928 0 0 0 0 
0.290285 0.95694 0 0 0 0 
0.220468 0.920866 0 0 0 0 
0.23588 0.93517 0 0 0 0 
0.251295 0.949473 0 0 0 0 
0.266713 0.963776 0 0 0 0 
0.212009 0.940839 0 0 0 0 
0.227492 0.955436 0 0 0 0 
0.24298 0.970031 0 0 0 0 
0.203549 0.960812 0 0 0 0 
0.219101 0.975702 0 0 0 0 
0.19509 0.980785 0 0 0 0 
1 2 6
2 7 6
2 3 7
3 8 7
3 4 8
4 9 8
4 5 9
6 7 10
7 11 10
7 8 11
8 12 11
8 9 12
10 11 13
11 14 13
11 12 14
13 14 15
ZONE N=15, E=16, F=FEPOINT, ET=TRIANGLE
0.382683 0.92388 0 0 0 0 
0.359895 0.932993 0 0 0 0 
0.33689 0.941544 0 0 0 0 
0.313682 0.949528 0 0 0 0 
0.290285 0.95694 0 0 0 0 
0.363936 0.904517 0 0 0 0 
0.341042 0.913348 0 0 0 0 
0.317938 0.921615 0 0 0 0 
0.294637 0.929313 0 0 0 0 
0.345189 0.885155 0 0 0 0 
0.322191 0.893703 0 0 0 0 
0.29899 0.901685 0 0 0 0 
0.326442 0.865792 0 0 0 0 
0.303343 0.874057 0 0 0 0 
0.307695 0.84643 0 0 0 0 
1 2 6
2 7 6
2 3 7
3 8 7
3 4 8
4 9 8
4 5 9
6 7 10
7 11 10
7 8 11
8 12 11
8 9 12
10 11 13
11 14 13
11 12 14
13 14 15
ZONE N=15, E=16, F=FEPOINT, ET=TRIANGLE
0.55557 0.83147 0 0 0 0 
0.557227 0.812002 0 0 0 0 
0.558883 0.792534 0 0 0 0 
0.56054 0.773066 0 0 0 0 
0.562196 0.753598 0 0 0 0 
0.575808 0.817585 0 0 0 0 
0.577289 0.797872 0 0 0 0 
0.578768 0.778161 0 0 0 0 
0.580246 0.758451 0 0 0 0 
0.595699 0.803208 0 0 0 0 
0.596999 0.783254 0 0 0 0 
0.598295 0.763304 0 0 0 0 
0.615232 0.788346 0 0 0 0 
0.616344 0.768157 0 0 0 0 
0.634393 0.77301 0 0 0 0 
1 2 6
2 7 6
2 3 7
3 8 7
3 4 8
4 9 8
4 5 9
6 7 10
7 11 10
7 8 11
8 12 11
8 9 12
10 11 13
11 14 13
11 12 14
13 14 15
ZONE N=15, E=16, F=FEPOINT, ET=TRIANGLE
0.377868 0.853515 0 0 0 0 
0.40125 0.860616 0 0 0 0 
0.424632 0.867718 0 0 0 0 
0.448015 0.87482 0 0 0 0 
0.471397 0.881921 0 0 0 0 
0.379072 0.871106 0 0 0 0 
0.402583 0.87848 0 0 0 0 
0.426096 0.885853 0 0 0 0 
0.449611 0.893224 0 0 0 0 
0.380276 0.888697 0 0 0 0 
0.403913 0.896344 0 0 0 0 
0.427555 0.903989 0 0 0 0 
0.38148 0.906288 0 0 0 0 
0.405241 0.91421 0 0 0 0 
0.382683 0.92388 0 0 0 0 
1 2 6
2 7 6
2 3 7
3 8 7
3 4 8
4 9 8
4 5 9
6 7 10
7 11 10
7 8 11
8 12 11
8 9 12
10 11 13
11 14 13
11 12 14
13 14 15
ZONE N=15, E=16, F=FEPOINT, ET=TRIANGLE
0.475955 0.800105 0 0 0 0 
0.495859 0.807946 0 0 0 0 
0.515763 0.815787 0 0 0 0 
0.535666 0.823629 0 0 0 0 
0.55557 0.83147 0 0 0 0 
0.474815 0.820559 0 0 0 0 
0.494874 0.828659 0 0 0 0 
0.514935 0.836757 0 0 0 0 
0.534998 0.844854 0 0 0 0 
0.473676 0.841013 0 0 0 0 
0.493887 0.849372 0 0 0 0 
0.514103 0.857729 0 0 0 0 
0.472536 0.861467 0 0 0 0 
0.492898 0.870087 0 0 0 0 
0.471397 0.881921 0 0 0 0 
1 2 6
2 7 6
2 3 7
3 8 7
3 4 8
4 9 8
4 5 9
6 7 10
7 11 10
7 8 11
8 12 11
8 9 12
10 11 13
11 14 13
11 12 14
13 14 15
ZONE N=15, E=16, F=FEPOINT, ET=TRIANGLE
0.881921 0.471397 0 0 0 0 
0.870087 0.492898 0 0 0 0 
0.857729 0.514103 0 0 0 0 
0.844854 0.534998 0 0 0 0 
0.83147 0.55557 0 0 0 0 
0.855988 0.465602 0 0 0 0 
0.843893 0.486953 0 0 0 0 
0.831277 0.508001 0 0 0 0 
0.818149 0.528732 0 0 0 0 
0.830054 0.459808 0 0 0 0 
0.8177 0.481006 0 0 0 0 
0.804829 0.501895 0 0 0 0 
0.804121 0.454014 0 0 0 0 
0.791508 0.475057 0 0 0 0 
0.778188 0.448219 0 0 0 0 
1 2 6
2 7 6
2 3 7
3 8 7
3 4 8
4 9 8
4 5 9
6 7 10
7 11 10
7 8 11
8 12 11
8 9 12
10 11 13
11 14 13
11 12 14
13 14 15
ZONE N=15, E=16, F=FEPOINT, ET=TRIANGLE
0.645674 0.615349 0 0 0 0 
0.677508 0.62011 0 0 0 0 
0.709342 0.624871 0 0 0 0 
0.741176 0.629632 0 0 0 0 
0.77301 0.634393 0 0 0 0 
0.661032 0.638289 0 0 0 0 
0.693089 0.643252 0 0 0 0 
0.725148 0.648213 0 0 0 0 
0.757209 0.653173 0 0 0 0 
0.67639 0.661228 0 0 0 0 
0.708669 0.666395 0 0 0 0 
0.740951 0.671559 0 0 0 0 
0.691749 0.684167 0 0 0 0 
0.724247 0.689541 0 0 0 0 
0.707107 0.707107 0 0 0 0 
1 2 6
2 7 6
2 3 7
3 8 7
3 4 8
4 9 8
4 5 9
6 7 10
7 11 10
7 8 11
8 12 11
8 9 12
10 11 13
11 14 13
11 12 14
13 14 15
ZONE N=15, E=16, F=FEPOINT, ET=TRIANGLE
0.77301 0.634393 0 0 0 0 
0.767119 0.605941 0 0 0 0 
0.761227 0.577489 0 0 0 0 
0.755335 0.549037 0 0 0 0 
0.749443 0.520585 0 0 0 0 
0.788346 0.615232 0 0 0 0 
0.782216 0.586596 0 0 0 0 
0.776084 0.557963 0 0 0 0 
0.76995 0.529331 0 0 0 0 
0.803208 0.595699 0 0 0 0 
0.796833 0.566886 0 0 0 0 
0.790456 0.538078 0 0 0 0 
0.817585 0.575808 0 0 0 0 
0.810963 0.546824 0 0 0 0 
0.83147 0.55557 0 0 0 0 
1 2 6
2 7 6
2 3 7
3 8 7
3 4 8
4 9 8
4 5 9
6 7 10
7 11 10
7 8 11
8 12 11
8 9 12
10 11 13
11 14 13
11 12 14
13 14 15
ZONE N=15, E=16, F=FEPOINT, ET=TRIANGLE
0.83562 0.387349 0 0 0 0 
0.857685 0.386182 0 0 0 0 
0.87975 0.385016 0 0 0 0 
0.901815 0.38385 0 0 0 0 
0.92388 0.382683 0 0 0 0 
0.847195 0.408361 0 0 0 0 
0.869532 0.407323 0 0 0 0 
0.891871 0.406283 0 0 0 0 
0.91421 0.405241 0 0 0 0 
0.858771 0.429373 0 0 0 0 
0.881379 0.428466 0 0 0 0 
0.903989 0.427555 0 0 0 0 
0.870346 0.450385 0 0 0 0 
0.893224 0.449611 0 0 0 0 
0.881921 0.471397 0 0 0 0 
1 2 6
2 7 6
2 3 7
3 8 7
3 4 8
4 9 8
4 5 9
6 7 10
7 11 10
7 8 11
8 12 11
8 9 12
10 11 13
11 14 13
11 12 14
13 14 15
ZONE N=15, E=16, F=FEPOINT, ET=TRIANGLE
0.995185 0.0980171 0 0 0 0 
0.971774 0.0735024 0 0 0 0 
0.948363 0.0489876 0 0 0 0 
0.924952 0.0244729 0 0 0 0 
0.901541 -4.18676e-05 0 0 0 0 
0.99729 0.0735646 0 0 0 0 
0.973579 0.0490301 0 0 0 0 
0.949867 0.0244981 0 0 0 0 
0.926155 -3.14007e-05 0 0 0 0 
0.998795 0.0490677 0 0 0 0 
0.974783 0.0245209 0 0 0 0 
0.95077 -2.09338e-05 0 0 0 0 
0.999699 0.0245412 0 0 0 0 
0.975385 -1.04669e-05 0 0 0 0 
1 -2.44928e-16 0 0 0 0 
1 2 6
2 7 6
2 3 7
3 8 7
3 4 8
4 9 8
4 5 9
6 7 10
7 11 10
7 8 11
8 12 11
8 9 12
10 11 13
11 14 13
11 12 14
13 14 15
ZONE N=15, E=16, F=FEPOINT, ET=TRIANGLE
0.995185 0.0980171 0 0 0 0 
0.99248 0.122411 0 0 0 0 
0.989177 0.14673 0 0 0 0 
0.985278 0.170962 0 0 0 0 
0.980785 0.19509 0 0 0 0 
0.972945 0.0980894 0 0 0 0 
0.969941 0.122444 0 0 0 0 
0.966341 0.146717 0 0 0 0 
0.962145 0.170894 0 0 0 0 
0.950705 0.0981616 0 0 0 0 
0.947403 0.122474 0 0 0 0 
0.943505 0.146698 0 0 0 0 
0.928465 0.0982338 0 0 0 0 
0.924866 0.122502 0 0 0 0 
0.906226 0.0983061 0 0 0 0 
1 2 6
2 7 6
2 3 7
3 8 7
3 4 8
4 9 8
4 5 9
6 7 10
7 11 10
7 8 11
8 12 11
8 9 12
10 11 13
11 14 13
11 12 14
13 14 15
ZONE N=15, E=16, F=FEPOINT, ET=TRIANGLE
0.135541 0.931411 0 0 0 0 
0.150428 0.943755 0 0 0 0 
0.165316 0.956098 0 0 0 0 
0.180203 0.968442 0 0 0 0 
0.19509 0.980785 0 0 0 0 
0.12616 0.947355 0 0 0 0 
0.141092 0.959996 0 0 0 0 
0.156026 0.972637 0 0 0 0 
0.170962 0.985278 0 0 0 0 
0.116779 0.963298 0 0 0 0 
0.131752 0.976238 0 0 0 0 
0.14673 0.989177 0 0 0 0 
0.107398 0.979241 0 0 0 0 
0.122411 0.99248 0 0 0 0 
0.0980171 0.995185 0 0 0 0 
1 2 6
2 7 6
2 3 7
3 8 7
3 4 8
4 9 8
4 5 9
6 7 10
7 11 10
7 8 11
8 12 11
8 9 12
10 11 13
11 14 13
11 12 14
13 14 15
ZONE N=15, E=16, F=FEPOINT, ET=TRIANGLE
0.0980171 0.995185 0 0 0 0 
0.0735646 0.99729 0 0 0 0 
0.0490677 0.998795 0 0 0 0 
0.0245412 0.999699 0 0 0 0 
5.55112e-17 1 0 0 0 0 
0.0915232 0.976674 0 0 0 0 
0.0670509 0.978479 0 0 0 0 
0.0425417 0.979684 0 0 0 0 
0.0180104 0.980286 0 0 0 0 
0.0850293 0.958164 0 0 0 0 
0.0605398 0.959668 0 0 0 0 
0.0360207 0.960571 0 0 0 0 
0.0785354 0.939653 0 0 0 0 
0.0540311 0.940857 0 0 0 0 
0.0720415 0.921143 0 0 0 0 
1 2 6
2 7 6
2 3 7
3 8 7
3 4 8
4 9 8
4 5 9
6 7 10
7 11 10
7 8 11
8 12 11
8 9 12
10 11 13
11 14 13
11 12 14
13 14 15
ZONE N=15, E=16, F=FEPOINT, ET=TRIANGLE
0.635905 0.688334 0 0 0 0 
0.653705 0.693027 0 0 0 0 
0.671506 0.69772 0 0 0 0 
0.689306 0.702414 0 0 0 0 
0.707107 0.707107 0 0 0 0 
0.635527 0.709503 0 0 0 0 
0.65353 0.714419 0 0 0 0 
0.671534 0.719334 0 0 0 0 
0.689541 0.724247 0 0 0 0 
0.635149 0.730672 0 0 0 0 
0.653352 0.735813 0 0 0 0 
0.671559 0.740951 0 0 0 0 
0.634771 0.751841 0 0 0 0 
0.653173 0.757209 0 0 0 0 
0.634393 0.77301 0 0 0 0 
1 2 6
2 7 6
2 3 7
3 8 7
3 4 8
4 9 8
4 5 9
6 7 10
7 11 10
7 8 11
8 12 11
8 9 12
10 11 13
11 14 13
11 12 14
13 14 15
ZONE N=15, E=16, F=FEPOINT, ET=TRIANGLE
0.95694 0.290285 0 0 0 0 
0.949528 0.313682 0 0 0 0 
0.941544 0.33689 0 0 0 0 
0.932993 0.359895 0 0 0 0 
0.92388 0.382683 0 0 0 0 
0.936172 0.282151 0 0 0 0 
0.928475 0.305451 0 0 0 0 
0.920208 0.328555 0 0 0 0 
0.911376 0.35145 0 0 0 0 
0.915404 0.274017 0 0 0 0 
0.907422 0.297218 0 0 0 0 
0.898873 0.320216 0 0 0 0 
0.894635 0.265883 0 0 0 0 
0.88637 0.288983 0 0 0 0 
0.873867 0.257749 0 0 0 0 
1 2 6
2 7 6
2 3 7
3 8 7
3 4 8
4 9 8
4 5 9
6 7 10
7 11 10
7 8 11
8 12 11
8 9 12
10 11 13
11 14 13
11 12 14
13 14 15
ZONE N=15, E=16, F=FEPOINT, ET=TRIANGLE
0.980785 0.19509 0 0 0 0 
0.975702 0.219101 0 0 0 0 
0.970031 0.24298 0 0 0 0 
0.963776 0.266713 0 0 0 0 
0.95694 0.290285 0 0 0 0 
0.959935 0.195651 0 0 0 0 
0.954559 0.219594 0 0 0 0 
0.948596 0.243397 0 0 0 0 
0.942052 0.267047 0 0 0 0 
0.939085 0.196212 0 0 0 0 
0.933416 0.220084 0 0 0 0 
0.927163 0.243809 0 0 0 0 
0.918235 0.196773 0 0 0 0 
0.912274 0.220572 0 0 0 0 
0.897385 0.197334 0 0 0 0 
1 2 6
2 7 6
2 3 7
3 8 7
3 4 8
4 9 8
4 5 9
6 7 10
7 11 10
7 8 11
8 12 11
8 9 12
10 11 13
11 14 13
11 12 14
13 14 15
ZONE N=15, E=16, F=FEPOINT, ET=TRIANGLE
-0.9375 0.0372961 0 0 0 0 
-0.951921 0.0524763 0 0 0 0 
-0.966342 0.0676566 0 0 0 0 
-0.980764 0.0828369 0 0 0 0 
-0.995185 0.0980171 0 0 0 0 
-0.953125 0.0279721 0 0 0 0 
-0.967847 0.0431671 0 0 0 0 
-0.982569 0.0583646 0 0 0 0 
-0.99729 0.0735646 0 0 0 0 
-0.96875 0.018648 0 0 0 0 
-0.983773 0.0338554 0 0 0 0 
-0.998795 0.0490677 0 0 0 0 
-0.984375 0.00932402 0 0 0 0 
-0.999699 0.0245412 0 0 0 0 
-1 1.249e-16 0 0 0 0 
1 2 6
2 7 6
2 3 7
3 8 7
3 4 8
4 9 8
4 5 9
6 7 10
7 11 10
7 8 11
8 12 11
8 9 12
10 11 13
11 14 13
11 12 14
13 14 15
ZONE N=15, E=16, F=FEPOINT, ET=TRIANGLE
-0.91847 0.132967 0 0 0 0 
-0.934049 0.148498 0 0 0 0 
-0.949628 0.164029 0 0 0 0 
-0.965206 0.179559 0 0 0 0 
-0.980785 0.19509 0 0 0 0 
-0.937649 0.124229 0 0 0 0 
-0.953525 0.139805 0 0 0 0 
-0.969402 0.155382 0 0 0 0 
-0.985278 0.170962 0 0 0 0 
-0.956827 0.115492 0 0 0 0 
-0.973002 0.131109 0 0 0 0 
-0.989177 0.14673 0 0 0 0 
-0.976006 0.106755 0 0 0 0 
-0.99248 0.122411 0 0 0 0 
-0.995185 0.0980171 0 0 0 0 
1 2 6
2 7 6
2 3 7
3 8 7
3 4 8
4 9 8
4 5 9
6 7 10
7 11 10
7 8 11
8 12 11
8 9 12
10 11 13
11 14 13
11 12 14
13 14 15
ZONE N=15, E=16, F=FEPOINT, ET=TRIANGLE
-0.888649 0.200546 0 0 0 0 
-0.905722 0.222981 0 0 0 0 
-0.922795 0.245415 0 0 0 0 
-0.939868 0.26785 0 0 0 0 
-0.95694 0.290285 0 0 0 0 
-0.911683 0.199182 0 0 0 0 
-0.929048 0.22169 0 0 0 0 
-0.946412 0.2442 0 0 0 0 
-0.963776 0.266713 0 0 0 0 
-0.934717 0.197818 0 0 0 0 
-0.952375 0.220397 0 0 0 0 
-0.970031 0.24298 0 0 0 0 
-0.957751 0.196454 0 0 0 0 
-0.975702 0.219101 0 0 0 0 
-0.980785 0.19509 0 0 0 0 
1 2 6
2 7 6
2 3 7
3 8 7
3 4 8
4 9 8
4 5 9
6 7 10
7 11 10
7 8 11
8 12 11
8 9 12
10 11 13
11 14 13
11 12 14
13 14 15
ZONE N=15, E=16, F=FEPOINT, ET=TRIANGLE
-0.854461 0.319147 0 0 0 0 
-0.871815 0.335031 0 0 0 0 
-0.88917 0.350915 0 0 0 0 
-0.906525 0.366799 0 0 0 0 
-0.92388 0.382683 0 0 0 0 
-0.880081 0.311931 0 0 0 0 
-0.897719 0.327917 0 0 0 0 
-0.915356 0.343905 0 0 0 0 
-0.932993 0.359895 0 0 0 0 
-0.905701 0.304716 0 0 0 0 
-0.923623 0.320801 0 0 0 0 
-0.941544 0.33689 0 0 0 0 
-0.93132 0.2975 0 0 0 0 
-0.949528 0.313682 0 0 0 0 
-0.95694 0.290285 0 0 0 0 
1 2 6
2 7 6
2 3 7
3 8 7
3 4 8
4 9 8
4 5 9
6 7 10
7 11 10
7 8 11
8 12 11
8 9 12
10 11 13
11 14 13
11 12 14
13 14 15
ZONE N=15, E=16, F=FEPOINT, ET=TRIANGLE
-0.812777 0.366293 0 0 0 0 
-0.830063 0.392569 0 0 0 0 
-0.847349 0.418845 0 0 0 0 
-0.864635 0.445121 0 0 0 0 
-0.881921 0.471397 0 0 0 0 
-0.840552 0.370391 0 0 0 0 
-0.858111 0.396795 0 0 0 0 
-0.875668 0.423202 0 0 0 0 
-0.893224 0.449611 0 0 0 0 
-0.868328 0.374488 0 0 0 0 
-0.88616 0.40102 0 0 0 0 
-0.903989 0.427555 0 0 0 0 
-0.896104 0.378586 0 0 0 0 
-0.91421 0.405241 0 0 0 0 
-0.92388 0.382683 0 0 0 0 
1 2 6
2 7 6
2 3 7
3 8 7
3 4 8
4 9 8
4 5 9
6 7 10
7 11 10
7 8 11
8 12 11
8 9 12
10 11 13
11 14 13
11 12 14
13 14 15
ZONE N=15, E=16, F=FEPOINT, ET=TRIANGLE
-0.795858 0.46496 0 0 0 0 
-0.804761 0.487613 0 0 0 0 
-0.813664 0.510265 0 0 0 0 
-0.822567 0.532918 0 0 0 0 
-0.83147 0.55557 0 0 0 0 
-0.817373 0.46657 0 0 0 0 
-0.826535 0.489377 0 0 0 0 
-0.835695 0.512186 0 0 0 0 
-0.844854 0.534998 0 0 0 0 
-0.838889 0.468179 0 0 0 0 
-0.84831 0.491139 0 0 0 0 
-0.857729 0.514103 0 0 0 0 
-0.860405 0.469788 0 0 0 0 
-0.870087 0.492898 0 0 0 0 
-0.881921 0.471397 0 0 0 0 
1 2 6
2 7 6
2 3 7
3 8 7
3 4 8
4 9 8
4 5 9
6 7 10
7 11 10
7 8 11
8 12 11
8 9 12
10 11 13
11 14 13
11 12 14
13 14 15
ZONE N=15, E=16, F=FEPOINT, ET=TRIANGLE
-0.83147 0.55557 0 0 0 0 
-0.804226 0.560346 0 0 0 0 
-0.776982 0.565122 0 0 0 0 
-0.749738 0.569898 0 0 0 0 
-0.722494 0.574674 0 0 0 0 
-0.817585 0.575808 0 0 0 0 
-0.790096 0.580409 0 0 0 0 
-0.762609 0.585007 0 0 0 0 
-0.735123 0.589604 0 0 0 0 
-0.803208 0.595699 0 0 0 0 
-0.775478 0.600119 0 0 0 0 
-0.747752 0.604534 0 0 0 0 
-0.788346 0.615232 0 0 0 0 
-0.760381 0.619464 0 0 0 0 
-0.77301 0.634393 0 0 0 0 
1 2 6
2 7 6
2 3 7
3 8 7
3 4 8
4 9 8
4 5 9
6 7 10
7 11 10
7 8 11
8 12 11
8 9 12
10 11 13
11 14 13
11 12 14
13 14 15
ZONE N=15, E=16, F=FEPOINT, ET=TRIANGLE
-0.77301 0.634393 0 0 0 0 
-0.745581 0.625765 0 0 0 0 
-0.718151 0.617137 0 0 0 0 
-0.690721 0.608509 0 0 0 0 
-0.663291 0.599881 0 0 0 0 
-0.757209 0.653173 0 0 0 0 
-0.729552 0.644346 0 0 0 0 
-0.701898 0.635518 0 0 0 0 
-0.674245 0.626688 0 0 0 0 
-0.740951 0.671559 0 0 0 0 
-0.713073 0.662528 0 0 0 0 
-0.685199 0.653494 0 0 0 0 
-0.724247 0.689541 0 0 0 0 
-0.696153 0.6803 0 0 0 0 
-0.707107 0.707107 0 0 0 0 
1 2 6
2 7 6
2 3 7
3 8 7
3 4 8
4 9 8
4 5 9
6 7 10
7 11 10
7 8 11
8 12 11
8 9 12
10 11 13
11 14 13
11 12 14
13 14 15
ZONE N=15, E=16, F=FEPOINT, ET=TRIANGLE
-0.553052 0.726399 0 0 0 0 
-0.553681 0.752667 0 0 0 0 
-0.554311 0.778934 0 0 0 0 
-0.554941 0.805202 0 0 0 0 
-0.55557 0.83147 0 0 0 0 
-0.573387 0.738052 0 0 0 0 
-0.574196 0.764562 0 0 0 0 
-0.575003 0.791072 0 0 0 0 
-0.575808 0.817585 0 0 0 0 
-0.593722 0.749705 0 0 0 0 
-0.594713 0.776455 0 0 0 0 
-0.595699 0.803208 0 0 0 0 
-0.614058 0.761358 0 0 0 0 
-0.615232 0.788346 0 0 0 0 
-0.634393 0.77301 0 0 0 0 
1 2 6
2 7 6
2 3 7
3 8 7
3 4 8
4 9 8
4 5 9
6 7 10
7 11 10
7 8 11
8 12 11
8 9 12
10 11 13
11 14 13
11 12 14
13 14 15
ZONE N=15, E=16, F=FEPOINT, ET=TRIANGLE
-0.134638 0.926869 0 0 0 0 
-0.125483 0.943948 0 0 0 0 
-0.116327 0.961027 0 0 0 0 
-0.107172 0.978106 0 0 0 0 
-0.0980171 0.995185 0 0 0 0 
-0.149751 0.940348 0 0 0 0 
-0.14064 0.957725 0 0 0 0 
-0.131527 0.975102 0 0 0 0 
-0.122411 0.99248 0 0 0 0 
-0.164864 0.953827 0 0 0 0 
-0.1558 0.971502 0 0 0 0 
-0.14673 0.989177 0 0 0 0 
-0.179977 0.967306 0 0 0 0 
-0.170962 0.985278 0 0 0 0 
-0.19509 0.980785 0 0 0 0 
1 2 6
2 7 6
2 3 7
3 8 7
3 4 8
4 9 8
4 5 9
6 7 10
7 11 10
7 8 11
8 12 11
8 9 12
10 11 13
11 14 13
11 12 14
13 14 15
ZONE N=15, E=16, F=FEPOINT, ET=TRIANGLE
-0.55557 0.83147 0 0 0 0 
-0.53503 0.822676 0 0 0 0 
-0.514489 0.813881 0 0 0 0 
-0.493948 0.805087 0 0 0 0 
-0.473408 0.796293 0 0 0 0 
-0.534998 0.844854 0 0 0 0 
-0.514298 0.835804 0 0 0 0 
-0.4936 0.826753 0 0 0 0 
-0.472905 0.8177 0 0 0 0 
-0.514103 0.857729 0 0 0 0 
-0.49325 0.848419 0 0 0 0 
-0.472402 0.839107 0 0 0 0 
-0.492898 0.870087 0 0 0 0 
-0.4719 0.860514 0 0 0 0 
-0.471397 0.881921 0 0 0 0 
1 2 6
2 7 6
2 3 7
3 8 7
3 4 8
4 9 8
4 5 9
6 7 10
7 11 10
7 8 11
8 12 11
8 9 12
10 11 13
11 14 13
11 12 14
13 14 15
ZONE N=15, E=16, F=FEPOINT, ET=TRIANGLE
-0.471397 0.881921 0 0 0 0 
-0.44418 0.873278 0 0 0 0 
-0.416964 0.864634 0 0 0 0 
-0.389747 0.855991 0 0 0 0 
-0.36253 0.847347 0 0 0 0 
-0.449611 0.893224 0 0 0 0 
-0.422262 0.884311 0 0 0 0 
-0.394914 0.875396 0 0 0 0 
-0.367569 0.86648 0 0 0 0 
-0.427555 0.903989 0 0 0 0 
-0.400079 0.894802 0 0 0 0 
-0.372607 0.885613 0 0 0 0 
-0.405241 0.91421 0 0 0 0 
-0.377645 0.904747 0 0 0 0 
-0.382683 0.92388 0 0 0 0 
1 2 6
2 7 6
2 3 7
3 8 7
3 4 8
4 9 8
4 5 9
6 7 10
7 11 10
7 8 11
8 12 11
8 9 12
10 11 13
11 14 13
11 12 14
13 14 15
ZONE N=15, E=16, F=FEPOINT, ET=TRIANGLE
-0.19509 0.980785 0 0 0 0 
-0.219101 0.975702 0 0 0 0 
-0.24298 0.970031 0 0 0 0 
-0.266713 0.963776 0 0 0 0 
-0.290285 0.95694 0 0 0 0 
-0.200811 0.956417 0 0 0 0 
-0.224754 0.951041 0 0 0 0 
-0.248557 0.945078 0 0 0 0 
-0.272207 0.938533 0 0 0 0 
-0.206532 0.932049 0 0 0 0 
-0.230403 0.92638 0 0 0 0 
-0.254129 0.920127 0 0 0 0 
-0.212252 0.907681 0 0 0 0 
-0.236051 0.90172 0 0 0 0 
-0.217973 0.883313 0 0 0 0 
1 2 6
2 7 6
2 3 7
3 8 7
3 4 8
4 9 8
4 5 9
6 7 10
7 11 10
7 8 11
8 12 11
8 9 12
10 11 13
11 14 13
11 12 14
13 14 15
ZONE N=15, E=16, F=FEPOINT, ET=TRIANGLE
-0.290285 0.95694 0 0 0 0 
-0.313682 0.949528 0 0 0 0 
-0.33689 0.941544 0 0 0 0 
-0.359895 0.932993 0 0 0 0 
-0.382683 0.92388 0 0 0 0 
-0.294699 0.938163 0 0 0 0 
-0.317999 0.930465 0 0 0 0 
-0.341104 0.922198 0 0 0 0 
-0.363998 0.913367 0 0 0 0 
-0.299114 0.919385 0 0 0 0 
-0.322315 0.911403 0 0 0 0 
-0.345313 0.902854 0 0 0 0 
-0.303528 0.900607 0 0 0 0 
-0.326628 0.892342 0 0 0 0 
-0.307942 0.881829 0 0 0 0 
1 2 6
2 7 6
2 3 7
3 8 7
3 4 8
4 9 8
4 5 9
6 7 10
7 11 10
7 8 11
8 12 11
8 9 12
10 11 13
11 14 13
11 12 14
13 14 15
ZONE N=15, E=16, F=FEPOINT, ET=TRIANGLE
-0.0384245 0.943173 0 0 0 0 
-0.0288184 0.95738 0 0 0 0 
-0.0192122 0.971586 0 0 0 0 
-0.00960612 0.985793 0 0 0 0 
6.245e-17 1 0 0 0 0 
-0.0533226 0.956176 0 0 0 0 
-0.0437313 0.970683 0 0 0 0 
-0.0341375 0.985191 0 0 0 0 
-0.0245412 0.999699 0 0 0 0 
-0.0682208 0.969179 0 0 0 0 
-0.0586467 0.983987 0 0 0 0 
-0.0490677 0.998795 0 0 0 0 
-0.083119 0.982182 0 0 0 0 
-0.0735646 0.99729 0 0 0 0 
-0.0980171 0.995185 0 0 0 0 
1 2 6
2 7 6
2 3 7
3 8 7
3 4 8
4 9 8
4 5 9
6 7 10
7 11 10
7 8 11
8 12 11
8 9 12
10 11 13
11 14 13
11 12 14
13 14 15
ZONE N=15, E=16, F=FEPOINT, ET=TRIANGLE
-0.707107 0.707107 0 0 0 0 
-0.687378 0.699527 0 0 0 0 
-0.667649 0.691948 0 0 0 0 
-0.64792 0.684369 0 0 0 0 
-0.628191 0.676789 0 0 0 0 
-0.689541 0.724247 0 0 0 0 
-0.669606 0.716448 0 0 0 0 
-0.649673 0.708647 0 0 0 0 
-0.629742 0.700845 0 0 0 0 
-0.671559 0.740951 0 0 0 0 
-0.651424 0.732927 0 0 0 0 
-0.631292 0.7249 0 0 0 0 
-0.653173 0.757209 0 0 0 0 
-0.632843 0.748955 0 0 0 0 
-0.634393 0.77301 0 0 0 0 
1 2 6
2 7 6
2 3 7
3 8 7
3 4 8
4 9 8
4 5 9
6 7 10
7 11 10
7 8 11
8 12 11
8 9 12
10 11 13
11 14 13
11 12 14
13 14 15
ZONE N=15, E=16, F=FEPOINT, ET=TRIANGLE
-0.818913 -0.380984 0 0 0 0 
-0.845154 -0.381409 0 0 0 0 
-0.871396 -0.381834 0 0 0 0 
-0.897638 -0.382258 0 0 0 0 
-0.92388 -0.382683 0 0 0 0 
-0.834665 -0.403587 0 0 0 0 
-0.861179 -0.404141 0 0 0 0 
-0.887694 -0.404692 0 0 0 0 
-0.91421 -0.405241 0 0 0 0 
-0.850417 -0.42619 0 0 0 0 
-0.877202 -0.426875 0 0 0 0 
-0.903989 -0.427555 0 0 0 0 
-0.866169 -0.448793 0 0 0 0 
-0.893224 -0.449611 0 0 0 0 
-0.881921 -0.471397 0 0 0 0 
1 2 6
2 7 6
2 3 7
3 8 7
3 4 8
4 9 8
4 5 9
6 7 10
7 11 10
7 8 11
8 12 11
8 9 12
10 11 13
11 14 13
11 12 14
13 14 15
ZONE N=15, E=16, F=FEPOINT, ET=TRIANGLE
-0.935592 -0.0369166 0 0 0 0 
-0.951694 -0.0276875 0 0 0 0 
-0.967796 -0.0184583 0 0 0 0 
-0.983898 -0.00922916 0 0 0 0 
-1 1.249e-16 0 0 0 0 
-0.950491 -0.0521918 0 0 0 0 
-0.966893 -0.0429774 0 0 0 0 
-0.983296 -0.0337605 0 0 0 0 
-0.999699 -0.0245412 0 0 0 0 
-0.965389 -0.0674669 0 0 0 0 
-0.982092 -0.0582697 0 0 0 0 
-0.998795 -0.0490677 0 0 0 0 
-0.980287 -0.082742 0 0 0 0 
-0.99729 -0.0735646 0 0 0 0 
-0.995185 -0.0980171 0 0 0 0 
1 2 6
2 7 6
2 3 7
3 8 7
3 4 8
4 9 8
4 5 9
6 7 10
7 11 10
7 8 11
8 12 11
8 9 12
10 11 13
11 14 13
11 12 14
13 14 15
ZONE N=15, E=16, F=FEPOINT, ET=TRIANGLE
-0.900135 -0.111201 0 0 0 0 
-0.923898 -0.107905 0 0 0 0 
-0.94766 -0.104609 0 0 0 0 
-0.971422 -0.101313 0 0 0 0 
-0.995185 -0.0980171 0 0 0 0 
-0.920298 -0.132174 0 0 0 0 
-0.944358 -0.128922 0 0 0 0 
-0.968419 -0.125667 0 0 0 0 
-0.99248 -0.122411 0 0 0 0 
-0.94046 -0.153146 0 0 0 0 
-0.964818 -0.149941 0 0 0 0 
-0.989177 -0.14673 0 0 0 0 
-0.960623 -0.174118 0 0 0 0 
-0.985278 -0.170962 0 0 0 0 
-0.980785 -0.19509 0 0 0 0 
1 2 6
2 7 6
2 3 7
3 8 7
3 4 8
4 9 8
4 5 9
6 7 10
7 11 10
7 8 11
8 12 11
8 9 12
10 11 13
11 14 13
11 12 14
13 14 15
ZONE N=15, E=16, F=FEPOINT, ET=TRIANGLE
-0.886038 -0.325428 0 0 0 0 
-0.903763 -0.316642 0 0 0 0 
-0.921489 -0.307856 0 0 0 0 
-0.939215 -0.299071 0 0 0 0 
-0.95694 -0.290285 0 0 0 0 
-0.895498 -0.339742 0 0 0 0 
-0.913507 -0.331058 0 0 0 0 
-0.931517 -0.322371 0 0 0 0 
-0.949528 -0.313682 0 0 0 0 
-0.904959 -0.354056 0 0 0 0 
-0.92325 -0.345475 0 0 0 0 
-0.941544 -0.33689 0 0 0 0 
-0.914419 -0.36837 0 0 0 0 
-0.932993 -0.359895 0 0 0 0 
-0.92388 -0.382683 0 0 0 0 
1 2 6
2 7 6
2 3 7
3 8 7
3 4 8
4 9 8
4 5 9
6 7 10
7 11 10
7 8 11
8 12 11
8 9 12
10 11 13
11 14 13
11 12 14
13 14 15
ZONE N=15, E=16, F=FEPOINT, ET=TRIANGLE
-0.95694 -0.290285 0 0 0 0 
-0.937918 -0.265208 0 0 0 0 
-0.918895 -0.240131 0 0 0 0 
-0.899873 -0.215053 0 0 0 0 
-0.88085 -0.189976 0 0 0 0 
-0.963776 -0.266713 0 0 0 0 
-0.944463 -0.241558 0 0 0 0 
-0.925148 -0.216405 0 0 0 0 
-0.905834 -0.191255 0 0 0 0 
-0.970031 -0.24298 0 0 0 0 
-0.950425 -0.217754 0 0 0 0 
-0.930818 -0.192533 0 0 0 0 
-0.975702 -0.219101 0 0 0 0 
-0.955801 -0.193812 0 0 0 0 
-0.980785 -0.19509 0 0 0 0 
1 2 6
2 7 6
2 3 7
3 8 7
3 4 8
4 9 8
4 5 9
6 7 10
7 11 10
7 8 11
8 12 11
8 9 12
10 11 13
11 14 13
11 12 14
13 14 15
ZONE N=15, E=16, F=FEPOINT, ET=TRIANGLE
-0.83147 -0.55557 0 0 0 0 
-0.823215 -0.53539 0 0 0 0 
-0.814961 -0.51521 0 0 0 0 
-0.806706 -0.49503 0 0 0 0 
-0.798451 -0.47485 0 0 0 0 
-0.844854 -0.534998 0 0 0 0 
-0.836343 -0.514659 0 0 0 0 
-0.827832 -0.494322 0 0 0 0 
-0.819319 -0.473987 0 0 0 0 
-0.857729 -0.514103 0 0 0 0 
-0.848959 -0.493611 0 0 0 0 
-0.840186 -0.473123 0 0 0 0 
-0.870087 -0.492898 0 0 0 0 
-0.861054 -0.47226 0 0 0 0 
-0.881921 -0.471397 0 0 0 0 
1 2 6
2 7 6
2 3 7
3 8 7
3 4 8
4 9 8
4 5 9
6 7 10
7 11 10
7 8 11
8 12 11
8 9 12
10 11 13
11 14 13
11 12 14
13 14 15
ZONE N=15, E=16, F=FEPOINT, ET=TRIANGLE
-0.55557 -0.83147 0 0 0 0 
-0.550122 -0.810848 0 0 0 0 
-0.544674 -0.790227 0 0 0 0 
-0.539226 -0.769606 0 0 0 0 
-0.533778 -0.748984 0 0 0 0 
-0.575808 -0.817585 0 0 0 0 
-0.570185 -0.796719 0 0 0 0 
-0.564559 -0.775854 0 0 0 0 
-0.558932 -0.754991 0 0 0 0 
-0.595699 -0.803208 0 0 0 0 
-0.589894 -0.782101 0 0 0 0 
-0.584086 -0.760997 0 0 0 0 
-0.615232 -0.788346 0 0 0 0 
-0.60924 -0.767004 0 0 0 0 
-0.634393 -0.77301 0 0 0 0 
1 2 6
2 7 6
2 3 7
3 8 7
3 4 8
4 9 8
4 5 9
6 7 10
7 11 10
7 8 11
8 12 11
8 9 12
10 11 13
11 14 13
11 12 14
13 14 15
ZONE N=15, E=16, F=FEPOINT, ET=TRIANGLE
-0.474168 -0.793132 0 0 0 0 
-0.494518 -0.802716 0 0 0 0 
-0.514869 -0.812301 0 0 0 0 
-0.53522 -0.821885 0 0 0 0 
-0.55557 -0.83147 0 0 0 0 
-0.473475 -0.815329 0 0 0 0 
-0.493981 -0.825172 0 0 0 0 
-0.514488 -0.835013 0 0 0 0 
-0.534998 -0.844854 0 0 0 0 
-0.472782 -0.837526 0 0 0 0 
-0.49344 -0.847629 0 0 0 0 
-0.514103 -0.857729 0 0 0 0 
-0.47209 -0.859724 0 0 0 0 
-0.492898 -0.870087 0 0 0 0 
-0.471397 -0.881921 0 0 0 0 
1 2 6
2 7 6
2 3 7
3 8 7
3 4 8
4 9 8
4 5 9
6 7 10
7 11 10
7 8 11
8 12 11
8 9 12
10 11 13
11 14 13
11 12 14
13 14 15
ZONE N=15, E=16, F=FEPOINT, ET=TRIANGLE
-0.707107 -0.707107 0 0 0 0 
-0.701449 -0.682843 0 0 0 0 
-0.69579 -0.658579 0 0 0 0 
-0.690132 -0.634315 0 0 0 0 
-0.684474 -0.610052 0 0 0 0 
-0.724247 -0.689541 0 0 0 0 
-0.718369 -0.665071 0 0 0 0 
-0.712489 -0.640603 0 0 0 0 
-0.706608 -0.616137 0 0 0 0 
-0.740951 -0.671559 0 0 0 0 
-0.734848 -0.646889 0 0 0 0 
-0.728742 -0.622222 0 0 0 0 
-0.757209 -0.653173 0 0 0 0 
-0.750876 -0.628308 0 0 0 0 
-0.77301 -0.634393 0 0 0 0 
1 2 6
2 7 6
2 3 7
3 8 7
3 4 8
4 9 8
4 5 9
6 7 10
7 11 10
7 8 11
8 12 11
8 9 12
10 11 13
11 14 13
11 12 14
13 14 15
ZONE N=15, E=16, F=FEPOINT, ET=TRIANGLE
-0.707107 -0.707107 0 0 0 0 
-0.689541 -0.724247 0 0 0 0 
-0.671559 -0.740951 0 0 0 0 
-0.653173 -0.757209 0 0 0 0 
-0.634393 -0.77301 0 0 0 0 
-0.690791 -0.699311 0 0 0 0 
-0.673019 -0.716232 0 0 0 0 
-0.654837 -0.732711 0 0 0 0 
-0.636256 -0.748739 0 0 0 0 
-0.674476 -0.691516 0 0 0 0 
-0.656499 -0.708215 0 0 0 0 
-0.638119 -0.724468 0 0 0 0 
-0.65816 -0.683721 0 0 0 0 
-0.639982 -0.700197 0 0 0 0 
-0.641844 -0.675925 0 0 0 0 
1 2 6
2 7 6
2 3 7
3 8 7
3 4 8
4 9 8
4 5 9
6 7 10
7 11 10
7 8 11
8 12 11
8 9 12
10 11 13
11 14 13
11 12 14
13 14 15
ZONE N=15, E=16, F=FEPOINT, ET=TRIANGLE
-0.738683 -0.55223 0 0 0 0 
-0.761879 -0.553065 0 0 0 0 
-0.785076 -0.5539 0 0 0 0 
-0.808273 -0.554735 0 0 0 0 
-0.83147 -0.55557 0 0 0 0 
-0.747265 -0.572771 0 0 0 0 
-0.770703 -0.573785 0 0 0 0 
-0.794143 -0.574798 0 0 0 0 
-0.817585 -0.575808 0 0 0 0 
-0.755847 -0.593312 0 0 0 0 
-0.779526 -0.594507 0 0 0 0 
-0.803208 -0.595699 0 0 0 0 
-0.764428 -0.613853 0 0 0 0 
-0.788346 -0.615232 0 0 0 0 
-0.77301 -0.634393 0 0 0 0 
1 2 6
2 7 6
2 3 7
3 8 7
3 4 8
4 9 8
4 5 9
6 7 10
7 11 10
7 8 11
8 12 11
8 9 12
10 11 13
11 14 13
11 12 14
13 14 15
ZONE N=15, E=16, F=FEPOINT, ET=TRIANGLE
-0.395712 -0.821476 0 0 0 0 
-0.414633 -0.836587 0 0 0 0 
-0.433555 -0.851699 0 0 0 0 
-0.452476 -0.86681 0 0 0 0 
-0.471397 -0.881921 0 0 0 0 
-0.392455 -0.847077 0 0 0 0 
-0.411505 -0.862461 0 0 0 0 
-0.430557 -0.877843 0 0 0 0 
-0.449611 -0.893224 0 0 0 0 
-0.389198 -0.872678 0 0 0 0 
-0.408374 -0.888335 0 0 0 0 
-0.427555 -0.903989 0 0 0 0 
-0.385941 -0.898279 0 0 0 0 
-0.405241 -0.91421 0 0 0 0 
-0.382683 -0.92388 0 0 0 0 
1 2 6
2 7 6
2 3 7
3 8 7
3 4 8
4 9 8
4 5 9
6 7 10
7 11 10
7 8 11
8 12 11
8 9 12
10 11 13
11 14 13
11 12 14
13 14 15
ZONE N=15, E=16, F=FEPOINT, ET=TRIANGLE
-0.290285 -0.95694 0 0 0 0 
-0.305142 -0.934619 0 0 0 0 
-0.319999 -0.912297 0 0 0 0 
-0.334857 -0.889976 0 0 0 0 
-0.349714 -0.867654 0 0 0 0 
-0.313682 -0.949528 0 0 0 0 
-0.328442 -0.926922 0 0 0 0 
-0.343201 -0.904316 0 0 0 0 
-0.357957 -0.881711 0 0 0 0 
-0.33689 -0.941544 0 0 0 0 
-0.351547 -0.918655 0 0 0 0 
-0.366199 -0.895767 0 0 0 0 
-0.359895 -0.932993 0 0 0 0 
-0.374441 -0.909823 0 0 0 0 
-0.382683 -0.92388 0 0 0 0 
1 2 6
2 7 6
2 3 7
3 8 7
3 4 8
4 9 8
4 5 9
6 7 10
7 11 10
7 8 11
8 12 11
8 9 12
10 11 13
11 14 13
11 12 14
13 14 15
ZONE N=15, E=16, F=FEPOINT, ET=TRIANGLE
-0.290285 -0.95694 0 0 0 0 
-0.266713 -0.963776 0 0 0 0 
-0.24298 -0.970031 0 0 0 0 
-0.219101 -0.975702 0 0 0 0 
-0.19509 -0.980785 0 0 0 0 
-0.285954 -0.934569 0 0 0 0 
-0.262305 -0.941114 0 0 0 0 
-0.238501 -0.947076 0 0 0 0 
-0.214559 -0.952453 0 0 0 0 
-0.281624 -0.912198 0 0 0 0 
-0.257899 -0.918451 0 0 0 0 
-0.234027 -0.92412 0 0 0 0 
-0.277294 -0.889827 0 0 0 0 
-0.253495 -0.895788 0 0 0 0 
-0.272963 -0.867455 0 0 0 0 
1 2 6
2 7 6
2 3 7
3 8 7
3 4 8
4 9 8
4 5 9
6 7 10
7 11 10
7 8 11
8 12 11
8 9 12
10 11 13
11 14 13
11 12 14
13 14 15
ZONE N=15, E=16, F=FEPOINT, ET=TRIANGLE
-0.0980171 -0.995185 0 0 0 0 
-0.0735646 -0.99729 0 0 0 0 
-0.0490677 -0.998795 0 0 0 0 
-0.0245412 -0.999699 0 0 0 0 
-1.80411e-16 -1 0 0 0 0 
-0.0848122 -0.974877 0 0 0 0 
-0.0603399 -0.976682 0 0 0 0 
-0.0358307 -0.977886 0 0 0 0 
-0.0112993 -0.978488 0 0 0 0 
-0.0716072 -0.954569 0 0 0 0 
-0.0471177 -0.956073 0 0 0 0 
-0.0225987 -0.956976 0 0 0 0 
-0.0584023 -0.934261 0 0 0 0 
-0.033898 -0.935465 0 0 0 0 
-0.0451974 -0.913953 0 0 0 0 
1 2 6
2 7 6
2 3 7
3 8 7
3 4 8
4 9 8
4 5 9
6 7 10
7 11 10
7 8 11
8 12 11
8 9 12
10 11 13
11 14 13
11 12 14
13 14 15
ZONE N=15, E=16, F=FEPOINT, ET=TRIANGLE
-0.13006 -0.903857 0 0 0 0 
-0.146318 -0.923089 0 0 0 0 
-0.162575 -0.942321 0 0 0 0 
-0.178833 -0.961553 0 0 0 0 
-0.19509 -0.980785 0 0 0 0 
-0.122049 -0.926689 0 0 0 0 
-0.138351 -0.946219 0 0 0 0 
-0.154655 -0.965748 0 0 0 0 
-0.170962 -0.985278 0 0 0 0 
-0.114039 -0.949521 0 0 0 0 
-0.130382 -0.969349 0 0 0 0 
-0.14673 -0.989177 0 0 0 0 
-0.106028 -0.972353 0 0 0 0 
-0.122411 -0.99248 0 0 0 0 
-0.0980171 -0.995185 0 0 0 0 
1 2 6
2 7 6
2 3 7
3 8 7
3 4 8
4 9 8
4 5 9
6 7 10
7 11 10
7 8 11
8 12 11
8 9 12
10 11 13
11 14 13
11 12 14
13 14 15
ZONE N=15, E=16, F=FEPOINT, ET=TRIANGLE
0.876902 -0.224155 0 0 0 0 
0.896912 -0.240687 0 0 0 0 
0.916921 -0.25722 0 0 0 0 
0.936931 -0.273752 0 0 0 0 
0.95694 -0.290285 0 0 0 0 
0.902873 -0.216889 0 0 0 0 
0.923175 -0.233494 0 0 0 0 
0.943476 -0.250102 0 0 0 0 
0.963776 -0.266713 0 0 0 0 
0.928844 -0.209623 0 0 0 0 
0.949438 -0.226299 0 0 0 0 
0.970031 -0.24298 0 0 0 0 
0.954815 -0.202356 0 0 0 0 
0.975702 -0.219101 0 0 0 0 
0.980785 -0.19509 0 0 0 0 
1 2 6
2 7 6
2 3 7
3 8 7
3 4 8
4 9 8
4 5 9
6 7 10
7 11 10
7 8 11
8 12 11
8 9 12
10 11 13
11 14 13
11 12 14
13 14 15
ZONE N=15, E=16, F=FEPOINT, ET=TRIANGLE
0.995185 -0.0980171 0 0 0 0 
0.964773 -0.10197 0 0 0 0 
0.934361 -0.105923 0 0 0 0 
0.903949 -0.109876 0 0 0 0 
0.873536 -0.113829 0 0 0 0 
0.99248 -0.122411 0 0 0 0 
0.961769 -0.126324 0 0 0 0 
0.931059 -0.130236 0 0 0 0 
0.900349 -0.134144 0 0 0 0 
0.989177 -0.14673 0 0 0 0 
0.958168 -0.150597 0 0 0 0 
0.927161 -0.15446 0 0 0 0 
0.985278 -0.170962 0 0 0 0 
0.953973 -0.174775 0 0 0 0 
0.980785 -0.19509 0 0 0 0 
1 2 6
2 7 6
2 3 7
3 8 7
3 4 8
4 9 8
4 5 9
6 7 10
7 11 10
7 8 11
8 12 11
8 9 12
10 11 13
11 14 13
11 12 14
13 14 15
ZONE N=15, E=16, F=FEPOINT, ET=TRIANGLE
0.290285 -0.95694 0 0 0 0 
0.313682 -0.949528 0 0 0 0 
0.33689 -0.941544 0 0 0 0 
0.359895 -0.932993 0 0 0 0 
0.382683 -0.92388 0 0 0 0 
0.297048 -0.930852 0 0 0 0 
0.320349 -0.923155 0 0 0 0 
0.343453 -0.914888 0 0 0 0 
0.366347 -0.906057 0 0 0 0 
0.303812 -0.904764 0 0 0 0 
0.327013 -0.896783 0 0 0 0 
0.350011 -0.888234 0 0 0 0 
0.310575 -0.878676 0 0 0 0 
0.333675 -0.870411 0 0 0 0 
0.317339 -0.852588 0 0 0 0 
1 2 6
2 7 6
2 3 7
3 8 7
3 4 8
4 9 8
4 5 9
6 7 10
7 11 10
7 8 11
8 12 11
8 9 12
10 11 13
11 14 13
11 12 14
13 14 15
ZONE N=15, E=16, F=FEPOINT, ET=TRIANGLE
0.382683 -0.92388 0 0 0 0 
0.405241 -0.91421 0 0 0 0 
0.427555 -0.903989 0 0 0 0 
0.449611 -0.893224 0 0 0 0 
0.471397 -0.881921 0 0 0 0 
0.385444 -0.901425 0 0 0 0 
0.407877 -0.891481 0 0 0 0 
0.43006 -0.880989 0 0 0 0 
0.451979 -0.869956 0 0 0 0 
0.388204 -0.87897 0 0 0 0 
0.410511 -0.868753 0 0 0 0 
0.432561 -0.857991 0 0 0 0 
0.390965 -0.856516 0 0 0 0 
0.413143 -0.846026 0 0 0 0 
0.393725 -0.834061 0 0 0 0 
1 2 6
2 7 6
2 3 7
3 8 7
3 4 8
4 9 8
4 5 9
6 7 10
7 11 10
7 8 11
8 12 11
8 9 12
10 11 13
11 14 13
11 12 14
13 14 15
ZONE N=15, E=16, F=FEPOINT, ET=TRIANGLE
0.871798 -0.295601 0 0 0 0 
0.884819 -0.317371 0 0 0 0 
0.897839 -0.339142 0 0 0 0 
0.910859 -0.360913 0 0 0 0 
0.92388 -0.382683 0 0 0 0 
0.893084 -0.294272 0 0 0 0 
0.906388 -0.316144 0 0 0 0 
0.919691 -0.338018 0 0 0 0 
0.932993 -0.359895 0 0 0 0 
0.914369 -0.292943 0 0 0 0 
0.927958 -0.314914 0 0 0 0 
0.941544 -0.33689 0 0 0 0 
0.935655 -0.291614 0 0 0 0 
0.949528 -0.313682 0 0 0 0 
0.95694 -0.290285 0 0 0 0 
1 2 6
2 7 6
2 3 7
3 8 7
3 4 8
4 9 8
4 5 9
6 7 10
7 11 10
7 8 11
8 12 11
8 9 12
10 11 13
11 14 13
11 12 14
13 14 15
ZONE N=15, E=16, F=FEPOINT, ET=TRIANGLE
0.724766 -0.531131 0 0 0 0 
0.736827 -0.556947 0 0 0 0 
0.748888 -0.582762 0 0 0 0 
0.760949 -0.608578 0 0 0 0 
0.77301 -0.634393 0 0 0 0 
0.751442 -0.537241 0 0 0 0 
0.763745 -0.563236 0 0 0 0 
0.776047 -0.589233 0 0 0 0 
0.788346 -0.615232 0 0 0 0 
0.778118 -0.543351 0 0 0 0 
0.790664 -0.569523 0 0 0 0 
0.803208 -0.595699 0 0 0 0 
0.804794 -0.54946 0 0 0 0 
0.817585 -0.575808 0 0 0 0 
0.83147 -0.55557 0 0 0 0 
1 2 6
2 7 6
2 3 7
3 8 7
3 4 8
4 9 8
4 5 9
6 7 10
7 11 10
7 8 11
8 12 11
8 9 12
10 11 13
11 14 13
11 12 14
13 14 15
ZONE N=15, E=16, F=FEPOINT, ET=TRIANGLE
0.881921 -0.471397 0 0 0 0 
0.893224 -0.449611 0 0 0 0 
0.903989 -0.427555 0 0 0 0 
0.91421 -0.405241 0 0 0 0 
0.92388 -0.382683 0 0 0 0 
0.864721 -0.457773 0 0 0 0 
0.875754 -0.435854 0 0 0 0 
0.886246 -0.413671 0 0 0 0 
0.89619 -0.391238 0 0 0 0 
0.847521 -0.444148 0 0 0 0 
0.858283 -0.422099 0 0 0 0 
0.8685 -0.399792 0 0 0 0 
0.830321 -0.430524 0 0 0 0 
0.84081 -0.408346 0 0 0 0 
0.81312 -0.4169 0 0 0 0 
1 2 6
2 7 6
2 3 7
3 8 7
3 4 8
4 9 8
4 5 9
6 7 10
7 11 10
7 8 11
8 12 11
8 9 12
10 11 13
11 14 13
11 12 14
13 14 15
ZONE N=15, E=16, F=FEPOINT, ET=TRIANGLE
0.807765 -0.481073 0 0 0 0 
0.813691 -0.499698 0 0 0 0 
0.819618 -0.518322 0 0 0 0 
0.825544 -0.536946 0 0 0 0 
0.83147 -0.55557 0 0 0 0 
0.826304 -0.478654 0 0 0 0 
0.832489 -0.497433 0 0 0 0 
0.838672 -0.516214 0 0 0 0 
0.844854 -0.534998 0 0 0 0 
0.844843 -0.476235 0 0 0 0 
0.851287 -0.495167 0 0 0 0 
0.857729 -0.514103 0 0 0 0 
0.863382 -0.473816 0 0 0 0 
0.870087 -0.492898 0 0 0 0 
0.881921 -0.471397 0 0 0 0 
1 2 6
2 7 6
2 3 7
3 8 7
3 4 8
4 9 8
4 5 9
6 7 10
7 11 10
7 8 11
8 12 11
8 9 12
10 11 13
11 14 13
11 12 14
13 14 15
ZONE N=15, E=16, F=FEPOINT, ET=TRIANGLE
0.676242 -0.600329 0 0 0 0 
0.683958 -0.627024 0 0 0 0 
0.691674 -0.653718 0 0 0 0 
0.699391 -0.680412 0 0 0 0 
0.707107 -0.707107 0 0 0 0 
0.700434 -0.608845 0 0 0 0 
0.708373 -0.635742 0 0 0 0 
0.716311 -0.66264 0 0 0 0 
0.724247 -0.689541 0 0 0 0 
0.724626 -0.617361 0 0 0 0 
0.73279 -0.644458 0 0 0 0 
0.740951 -0.671559 0 0 0 0 
0.748818 -0.625877 0 0 0 0 
0.757209 -0.653173 0 0 0 0 
0.77301 -0.634393 0 0 0 0 
1 2 6
2 7 6
2 3 7
3 8 7
3 4 8
4 9 8
4 5 9
6 7 10
7 11 10
7 8 11
8 12 11
8 9 12
10 11 13
11 14 13
11 12 14
13 14 15
ZONE N=15, E=16, F=FEPOINT, ET=TRIANGLE
0.639518 -0.693741 0 0 0 0 
0.638237 -0.713558 0 0 0 0 
0.636956 -0.733376 0 0 0 0 
0.635674 -0.753193 0 0 0 0 
0.634393 -0.77301 0 0 0 0 
0.656415 -0.697082 0 0 0 0 
0.655336 -0.717123 0 0 0 0 
0.654255 -0.737165 0 0 0 0 
0.653173 -0.757209 0 0 0 0 
0.673312 -0.700424 0 0 0 0 
0.672437 -0.720686 0 0 0 0 
0.671559 -0.740951 0 0 0 0 
0.69021 -0.703765 0 0 0 0 
0.689541 -0.724247 0 0 0 0 
0.707107 -0.707107 0 0 0 0 
1 2 6
2 7 6
2 3 7
3 8 7
3 4 8
4 9 8
4 5 9
6 7 10
7 11 10
7 8 11
8 12 11
8 9 12
10 11 13
11 14 13
11 12 14
13 14 15
ZONE N=15, E=16, F=FEPOINT, ET=TRIANGLE
0.545997 -0.729355 0 0 0 0 
0.548391 -0.754883 0 0 0 0 
0.550784 -0.780412 0 0 0 0 
0.553177 -0.805941 0 0 0 0 
0.55557 -0.83147 0 0 0 0 
0.568096 -0.740269 0 0 0 0 
0.570669 -0.766039 0 0 0 0 
0.57324 -0.791811 0 0 0 0 
0.575808 -0.817585 0 0 0 0 
0.590195 -0.751183 0 0 0 0 
0.592949 -0.777194 0 0 0 0 
0.595699 -0.803208 0 0 0 0 
0.612294 -0.762097 0 0 0 0 
0.615232 -0.788346 0 0 0 0 
0.634393 -0.77301 0 0 0 0 
1 2 6
2 7 6
2 3 7
3 8 7
3 4 8
4 9 8
4 5 9
6 7 10
7 11 10
7 8 11
8 12 11
8 9 12
10 11 13
11 14 13
11 12 14
13 14 15
ZONE N=15, E=16, F=FEPOINT, ET=TRIANGLE
0.55557 -0.83147 0 0 0 0 
0.533462 -0.82033 0 0 0 0 
0.511354 -0.80919 0 0 0 0 
0.489246 -0.79805 0 0 0 0 
0.467139 -0.786911 0 0 0 0 
0.534998 -0.844854 0 0 0 0 
0.512731 -0.833458 0 0 0 0 
0.490466 -0.822061 0 0 0 0 
0.468203 -0.810663 0 0 0 0 
0.514103 -0.857729 0 0 0 0 
0.491683 -0.846074 0 0 0 0 
0.469268 -0.834416 0 0 0 0 
0.492898 -0.870087 0 0 0 0 
0.470332 -0.858169 0 0 0 0 
0.471397 -0.881921 0 0 0 0 
1 2 6
2 7 6
2 3 7
3 8 7
3 4 8
4 9 8
4 5 9
6 7 10
7 11 10
7 8 11
8 12 11
8 9 12
10 11 13
11 14 13
11 12 14
13 14 15
ZONE N=15, E=16, F=FEPOINT, ET=TRIANGLE
0.995185 -0.0980171 0 0 0 0 
0.99729 -0.0735646 0 0 0 0 
0.998795 -0.0490677 0 0 0 0 
0.999699 -0.0245412 0 0 0 0 
1 -2.498e-16 0 0 0 0 
0.976525 -0.0897775 0 0 0 0 
0.97833 -0.0653052 0 0 0 0 
0.979534 -0.040796 0 0 0 0 
0.980136 -0.0162646 0 0 0 0 
0.957865 -0.0815378 0 0 0 0 
0.959369 -0.0570483 0 0 0 0 
0.960272 -0.0325293 0 0 0 0 
0.939205 -0.0732982 0 0 0 0 
0.940409 -0.0487939 0 0 0 0 
0.920545 -0.0650585 0 0 0 0 
1 2 6
2 7 6
2 3 7
3 8 7
3 4 8
4 9 8
4 5 9
6 7 10
7 11 10
7 8 11
8 12 11
8 9 12
10 11 13
11 14 13
11 12 14
13 14 15
ZONE N=15, E=16, F=FEPOINT, ET=TRIANGLE
0.290285 -0.95694 0 0 0 0 
0.274897 -0.942686 0 0 0 0 
0.259509 -0.928432 0 0 0 0 
0.244122 -0.914178 0 0 0 0 
0.228734 -0.899924 0 0 0 0 
0.266713 -0.963776 0 0 0 0 
0.251247 -0.949231 0 0 0 0 
0.235784 -0.934686 0 0 0 0 
0.220323 -0.920139 0 0 0 0 
0.24298 -0.970031 0 0 0 0 
0.227444 -0.955194 0 0 0 0 
0.211912 -0.940355 0 0 0 0 
0.219101 -0.975702 0 0 0 0 
0.203501 -0.96057 0 0 0 0 
0.19509 -0.980785 0 0 0 0 
1 2 6
2 7 6
2 3 7
3 8 7
3 4 8
4 9 8
4 5 9
6 7 10
7 11 10
7 8 11
8 12 11
8 9 12
10 11 13
11 14 13
11 12 14
13 14 15
ZONE N=15, E=16, F=FEPOINT, ET=TRIANGLE
0.133552 -0.921411 0 0 0 0 
0.124668 -0.939854 0 0 0 0 
0.115785 -0.958298 0 0 0 0 
0.106901 -0.976741 0 0 0 0 
0.0980171 -0.995185 0 0 0 0 
0.148937 -0.936255 0 0 0 0 
0.140097 -0.954996 0 0 0 0 
0.131255 -0.973738 0 0 0 0 
0.122411 -0.99248 0 0 0 0 
0.164321 -0.951098 0 0 0 0 
0.155528 -0.970137 0 0 0 0 
0.14673 -0.989177 0 0 0 0 
0.179706 -0.965942 0 0 0 0 
0.170962 -0.985278 0 0 0 0 
0.19509 -0.980785 0 0 0 0 
1 2 6
2 7 6
2 3 7
3 8 7
3 4 8
4 9 8
4 5 9
6 7 10
7 11 10
7 8 11
8 12 11
8 9 12
10 11 13
11 14 13
11 12 14
13 14 15
ZONE N=15, E=16, F=FEPOINT, ET=TRIANGLE
0.0980171 -0.995185 0 0 0 0 
0.0827437 -0.970583 0 0 0 0 
0.0674703 -0.945981 0 0 0 0 
0.0521969 -0.921379 0 0 0 0 
0.0369235 -0.896776 0 0 0 0 
0.0735646 -0.99729 0 0 0 0 
0.0582714 -0.972388 0 0 0 0 
0.0429808 -0.947485 0 0 0 0 
0.0276926 -0.922582 0 0 0 0 
0.0490677 -0.998795 0 0 0 0 
0.0337622 -0.973592 0 0 0 0 
0.0184617 -0.948388 0 0 0 0 
0.0245412 -0.999699 0 0 0 0 
0.00923086 -0.974194 0 0 0 0 
-1.80411e-16 -1 0 0 0 0 
1 2 6
2 7 6
2 3 7
3 8 7
3 4 8
4 9 8
4 5 9
6 7 10
7 11 10
7 8 11
8 12 11
8 9 12
10 11 13
11 14 13
11 12 14
13 14 15
