ZONE N=15, E=16, F=FEPOINT, ET=TRIANGLE
-0.818913 -0.380984 0 0 0 0 
-0.845154 -0.381409 0 0 0 0 
-0.871396 -0.381834 0 0 0 0 
-0.897638 -0.382258 0 0 0 0 
-0.92388 -0.382683 0 0 0 0 
-0.834665 -0.403587 0 0 0 0 
-0.861179 -0.404141 0 0 0 0 
-0.887694 -0.404692 0 0 0 0 
-0.91421 -0.405241 0 0 0 0 
-0.850417 -0.42619 0 0 0 0 
-0.877202 -0.426875 0 0 0 0 
-0.903989 -0.427555 0 0 0 0 
-0.866169 -0.448793 0 0 0 0 
-0.893224 -0.449611 0 0 0 0 
-0.881921 -0.471397 0 0 0 0 
1 2 6
2 7 6
2 3 7
3 8 7
3 4 8
4 9 8
4 5 9
6 7 10
7 11 10
7 8 11
8 12 11
8 9 12
10 11 13
11 14 13
11 12 14
13 14 15
ZONE N=15, E=16, F=FEPOINT, ET=TRIANGLE
-0.9375 0.0372961 0 0 0 0 
-0.953125 0.0279721 0 0 0 0 
-0.96875 0.018648 0 0 0 0 
-0.984375 0.00932402 0 0 0 0 
-1 1.22465e-16 0 0 0 0 
-0.937023 0.0187429 0 0 0 0 
-0.952648 0.00941887 0 0 0 0 
-0.968273 9.48566e-05 0 0 0 0 
-0.983898 -0.00922916 0 0 0 0 
-0.936546 0.000189713 0 0 0 0 
-0.952171 -0.0091343 0 0 0 0 
-0.967796 -0.0184583 0 0 0 0 
-0.936069 -0.0183635 0 0 0 0 
-0.951694 -0.0276875 0 0 0 0 
-0.935592 -0.0369166 0 0 0 0 
1 2 6
2 7 6
2 3 7
3 8 7
3 4 8
4 9 8
4 5 9
6 7 10
7 11 10
7 8 11
8 12 11
8 9 12
10 11 13
11 14 13
11 12 14
13 14 15
ZONE N=15, E=16, F=FEPOINT, ET=TRIANGLE
-0.9375 0.0372961 0 0 0 0 
-0.951921 0.0524763 0 0 0 0 
-0.966342 0.0676566 0 0 0 0 
-0.980764 0.0828369 0 0 0 0 
-0.995185 0.0980171 0 0 0 0 
-0.953125 0.0279721 0 0 0 0 
-0.967847 0.0431671 0 0 0 0 
-0.982569 0.0583646 0 0 0 0 
-0.99729 0.0735646 0 0 0 0 
-0.96875 0.018648 0 0 0 0 
-0.983773 0.0338554 0 0 0 0 
-0.998795 0.0490677 0 0 0 0 
-0.984375 0.00932402 0 0 0 0 
-0.999699 0.0245412 0 0 0 0 
-1 1.249e-16 0 0 0 0 
1 2 6
2 7 6
2 3 7
3 8 7
3 4 8
4 9 8
4 5 9
6 7 10
7 11 10
7 8 11
8 12 11
8 9 12
10 11 13
11 14 13
11 12 14
13 14 15
ZONE N=15, E=16, F=FEPOINT, ET=TRIANGLE
-0.888649 0.200546 0 0 0 0 
-0.880102 0.230197 0 0 0 0 
-0.871555 0.259847 0 0 0 0 
-0.863008 0.289497 0 0 0 0 
-0.854461 0.319147 0 0 0 0 
-0.905722 0.222981 0 0 0 0 
-0.897175 0.252631 0 0 0 0 
-0.888628 0.282281 0 0 0 0 
-0.880081 0.311931 0 0 0 0 
-0.922795 0.245415 0 0 0 0 
-0.914248 0.275066 0 0 0 0 
-0.905701 0.304716 0 0 0 0 
-0.939868 0.26785 0 0 0 0 
-0.93132 0.2975 0 0 0 0 
-0.95694 0.290285 0 0 0 0 
1 2 6
2 7 6
2 3 7
3 8 7
3 4 8
4 9 8
4 5 9
6 7 10
7 11 10
7 8 11
8 12 11
8 9 12
10 11 13
11 14 13
11 12 14
13 14 15
ZONE N=15, E=16, F=FEPOINT, ET=TRIANGLE
-0.9375 0.0372961 0 0 0 0 
-0.932742 0.0612138 0 0 0 0 
-0.927985 0.0851315 0 0 0 0 
-0.923227 0.109049 0 0 0 0 
-0.91847 0.132967 0 0 0 0 
-0.951921 0.0524763 0 0 0 0 
-0.947164 0.0763941 0 0 0 0 
-0.942406 0.100312 0 0 0 0 
-0.937649 0.124229 0 0 0 0 
-0.966342 0.0676566 0 0 0 0 
-0.961585 0.0915743 0 0 0 0 
-0.956827 0.115492 0 0 0 0 
-0.980764 0.0828369 0 0 0 0 
-0.976006 0.106755 0 0 0 0 
-0.995185 0.0980171 0 0 0 0 
1 2 6
2 7 6
2 3 7
3 8 7
3 4 8
4 9 8
4 5 9
6 7 10
7 11 10
7 8 11
8 12 11
8 9 12
10 11 13
11 14 13
11 12 14
13 14 15
ZONE N=15, E=16, F=FEPOINT, ET=TRIANGLE
-0.995185 -0.0980171 0 0 0 0 
-0.971422 -0.101313 0 0 0 0 
-0.94766 -0.104609 0 0 0 0 
-0.923898 -0.107905 0 0 0 0 
-0.900135 -0.111201 0 0 0 0 
-0.980287 -0.082742 0 0 0 0 
-0.956524 -0.0860381 0 0 0 0 
-0.932762 -0.0893342 0 0 0 0 
-0.909 -0.0926302 0 0 0 0 
-0.965389 -0.0674669 0 0 0 0 
-0.941626 -0.070763 0 0 0 0 
-0.917864 -0.074059 0 0 0 0 
-0.950491 -0.0521918 0 0 0 0 
-0.926728 -0.0554878 0 0 0 0 
-0.935592 -0.0369166 0 0 0 0 
1 2 6
2 7 6
2 3 7
3 8 7
3 4 8
4 9 8
4 5 9
6 7 10
7 11 10
7 8 11
8 12 11
8 9 12
10 11 13
11 14 13
11 12 14
13 14 15
ZONE N=15, E=16, F=FEPOINT, ET=TRIANGLE
-0.888649 0.200546 0 0 0 0 
-0.911683 0.199182 0 0 0 0 
-0.934717 0.197818 0 0 0 0 
-0.957751 0.196454 0 0 0 0 
-0.980785 0.19509 0 0 0 0 
-0.896104 0.183651 0 0 0 0 
-0.919138 0.182287 0 0 0 0 
-0.942172 0.180923 0 0 0 0 
-0.965206 0.179559 0 0 0 0 
-0.903559 0.166757 0 0 0 0 
-0.926594 0.165393 0 0 0 0 
-0.949628 0.164029 0 0 0 0 
-0.911015 0.149862 0 0 0 0 
-0.934049 0.148498 0 0 0 0 
-0.91847 0.132967 0 0 0 0 
1 2 6
2 7 6
2 3 7
3 8 7
3 4 8
4 9 8
4 5 9
6 7 10
7 11 10
7 8 11
8 12 11
8 9 12
10 11 13
11 14 13
11 12 14
13 14 15
ZONE N=15, E=16, F=FEPOINT, ET=TRIANGLE
-0.935592 -0.0369166 0 0 0 0 
-0.951694 -0.0276875 0 0 0 0 
-0.967796 -0.0184583 0 0 0 0 
-0.983898 -0.00922916 0 0 0 0 
-1 1.249e-16 0 0 0 0 
-0.950491 -0.0521918 0 0 0 0 
-0.966893 -0.0429774 0 0 0 0 
-0.983296 -0.0337605 0 0 0 0 
-0.999699 -0.0245412 0 0 0 0 
-0.965389 -0.0674669 0 0 0 0 
-0.982092 -0.0582697 0 0 0 0 
-0.998795 -0.0490677 0 0 0 0 
-0.980287 -0.082742 0 0 0 0 
-0.99729 -0.0735646 0 0 0 0 
-0.995185 -0.0980171 0 0 0 0 
1 2 6
2 7 6
2 3 7
3 8 7
3 4 8
4 9 8
4 5 9
6 7 10
7 11 10
7 8 11
8 12 11
8 9 12
10 11 13
11 14 13
11 12 14
13 14 15
ZONE N=15, E=16, F=FEPOINT, ET=TRIANGLE
-0.92388 0.382683 0 0 0 0 
-0.906525 0.366799 0 0 0 0 
-0.88917 0.350915 0 0 0 0 
-0.871815 0.335031 0 0 0 0 
-0.854461 0.319147 0 0 0 0 
-0.896104 0.378586 0 0 0 0 
-0.878749 0.362702 0 0 0 0 
-0.861394 0.346818 0 0 0 0 
-0.84404 0.330934 0 0 0 0 
-0.868328 0.374488 0 0 0 0 
-0.850973 0.358604 0 0 0 0 
-0.833619 0.34272 0 0 0 0 
-0.840552 0.370391 0 0 0 0 
-0.823198 0.354507 0 0 0 0 
-0.812777 0.366293 0 0 0 0 
1 2 6
2 7 6
2 3 7
3 8 7
3 4 8
4 9 8
4 5 9
6 7 10
7 11 10
7 8 11
8 12 11
8 9 12
10 11 13
11 14 13
11 12 14
13 14 15
ZONE N=15, E=16, F=FEPOINT, ET=TRIANGLE
-0.900135 -0.111201 0 0 0 0 
-0.923898 -0.107905 0 0 0 0 
-0.94766 -0.104609 0 0 0 0 
-0.971422 -0.101313 0 0 0 0 
-0.995185 -0.0980171 0 0 0 0 
-0.920298 -0.132174 0 0 0 0 
-0.944358 -0.128922 0 0 0 0 
-0.968419 -0.125667 0 0 0 0 
-0.99248 -0.122411 0 0 0 0 
-0.94046 -0.153146 0 0 0 0 
-0.964818 -0.149941 0 0 0 0 
-0.989177 -0.14673 0 0 0 0 
-0.960623 -0.174118 0 0 0 0 
-0.985278 -0.170962 0 0 0 0 
-0.980785 -0.19509 0 0 0 0 
1 2 6
2 7 6
2 3 7
3 8 7
3 4 8
4 9 8
4 5 9
6 7 10
7 11 10
7 8 11
8 12 11
8 9 12
10 11 13
11 14 13
11 12 14
13 14 15
ZONE N=15, E=16, F=FEPOINT, ET=TRIANGLE
-0.825347 -0.227222 0 0 0 0 
-0.858245 -0.242988 0 0 0 0 
-0.891144 -0.258753 0 0 0 0 
-0.924042 -0.274519 0 0 0 0 
-0.95694 -0.290285 0 0 0 0 
-0.84052 -0.251774 0 0 0 0 
-0.873418 -0.267539 0 0 0 0 
-0.906316 -0.283305 0 0 0 0 
-0.939215 -0.299071 0 0 0 0 
-0.855692 -0.276325 0 0 0 0 
-0.888591 -0.292091 0 0 0 0 
-0.921489 -0.307856 0 0 0 0 
-0.870865 -0.300877 0 0 0 0 
-0.903763 -0.316642 0 0 0 0 
-0.886038 -0.325428 0 0 0 0 
1 2 6
2 7 6
2 3 7
3 8 7
3 4 8
4 9 8
4 5 9
6 7 10
7 11 10
7 8 11
8 12 11
8 9 12
10 11 13
11 14 13
11 12 14
13 14 15
ZONE N=15, E=16, F=FEPOINT, ET=TRIANGLE
-0.980785 -0.19509 0 0 0 0 
-0.955801 -0.193812 0 0 0 0 
-0.930818 -0.192533 0 0 0 0 
-0.905834 -0.191255 0 0 0 0 
-0.88085 -0.189976 0 0 0 0 
-0.960623 -0.174118 0 0 0 0 
-0.935639 -0.17284 0 0 0 0 
-0.910655 -0.171561 0 0 0 0 
-0.885671 -0.170283 0 0 0 0 
-0.94046 -0.153146 0 0 0 0 
-0.915476 -0.151867 0 0 0 0 
-0.890493 -0.150589 0 0 0 0 
-0.920298 -0.132174 0 0 0 0 
-0.895314 -0.130895 0 0 0 0 
-0.900135 -0.111201 0 0 0 0 
1 2 6
2 7 6
2 3 7
3 8 7
3 4 8
4 9 8
4 5 9
6 7 10
7 11 10
7 8 11
8 12 11
8 9 12
10 11 13
11 14 13
11 12 14
13 14 15
ZONE N=15, E=16, F=FEPOINT, ET=TRIANGLE
-0.886038 -0.325428 0 0 0 0 
-0.903763 -0.316642 0 0 0 0 
-0.921489 -0.307856 0 0 0 0 
-0.939215 -0.299071 0 0 0 0 
-0.95694 -0.290285 0 0 0 0 
-0.895498 -0.339742 0 0 0 0 
-0.913507 -0.331058 0 0 0 0 
-0.931517 -0.322371 0 0 0 0 
-0.949528 -0.313682 0 0 0 0 
-0.904959 -0.354056 0 0 0 0 
-0.92325 -0.345475 0 0 0 0 
-0.941544 -0.33689 0 0 0 0 
-0.914419 -0.36837 0 0 0 0 
-0.932993 -0.359895 0 0 0 0 
-0.92388 -0.382683 0 0 0 0 
1 2 6
2 7 6
2 3 7
3 8 7
3 4 8
4 9 8
4 5 9
6 7 10
7 11 10
7 8 11
8 12 11
8 9 12
10 11 13
11 14 13
11 12 14
13 14 15
ZONE N=15, E=16, F=FEPOINT, ET=TRIANGLE
-0.95694 -0.290285 0 0 0 0 
-0.937918 -0.265208 0 0 0 0 
-0.918895 -0.240131 0 0 0 0 
-0.899873 -0.215053 0 0 0 0 
-0.88085 -0.189976 0 0 0 0 
-0.963776 -0.266713 0 0 0 0 
-0.944463 -0.241558 0 0 0 0 
-0.925148 -0.216405 0 0 0 0 
-0.905834 -0.191255 0 0 0 0 
-0.970031 -0.24298 0 0 0 0 
-0.950425 -0.217754 0 0 0 0 
-0.930818 -0.192533 0 0 0 0 
-0.975702 -0.219101 0 0 0 0 
-0.955801 -0.193812 0 0 0 0 
-0.980785 -0.19509 0 0 0 0 
1 2 6
2 7 6
2 3 7
3 8 7
3 4 8
4 9 8
4 5 9
6 7 10
7 11 10
7 8 11
8 12 11
8 9 12
10 11 13
11 14 13
11 12 14
13 14 15
ZONE N=15, E=16, F=FEPOINT, ET=TRIANGLE
-0.91847 0.132967 0 0 0 0 
-0.934049 0.148498 0 0 0 0 
-0.949628 0.164029 0 0 0 0 
-0.965206 0.179559 0 0 0 0 
-0.980785 0.19509 0 0 0 0 
-0.937649 0.124229 0 0 0 0 
-0.953525 0.139805 0 0 0 0 
-0.969402 0.155382 0 0 0 0 
-0.985278 0.170962 0 0 0 0 
-0.956827 0.115492 0 0 0 0 
-0.973002 0.131109 0 0 0 0 
-0.989177 0.14673 0 0 0 0 
-0.976006 0.106755 0 0 0 0 
-0.99248 0.122411 0 0 0 0 
-0.995185 0.0980171 0 0 0 0 
1 2 6
2 7 6
2 3 7
3 8 7
3 4 8
4 9 8
4 5 9
6 7 10
7 11 10
7 8 11
8 12 11
8 9 12
10 11 13
11 14 13
11 12 14
13 14 15
ZONE N=15, E=16, F=FEPOINT, ET=TRIANGLE
-0.888649 0.200546 0 0 0 0 
-0.905722 0.222981 0 0 0 0 
-0.922795 0.245415 0 0 0 0 
-0.939868 0.26785 0 0 0 0 
-0.95694 0.290285 0 0 0 0 
-0.911683 0.199182 0 0 0 0 
-0.929048 0.22169 0 0 0 0 
-0.946412 0.2442 0 0 0 0 
-0.963776 0.266713 0 0 0 0 
-0.934717 0.197818 0 0 0 0 
-0.952375 0.220397 0 0 0 0 
-0.970031 0.24298 0 0 0 0 
-0.957751 0.196454 0 0 0 0 
-0.975702 0.219101 0 0 0 0 
-0.980785 0.19509 0 0 0 0 
1 2 6
2 7 6
2 3 7
3 8 7
3 4 8
4 9 8
4 5 9
6 7 10
7 11 10
7 8 11
8 12 11
8 9 12
10 11 13
11 14 13
11 12 14
13 14 15
ZONE N=15, E=16, F=FEPOINT, ET=TRIANGLE
-0.854461 0.319147 0 0 0 0 
-0.871815 0.335031 0 0 0 0 
-0.88917 0.350915 0 0 0 0 
-0.906525 0.366799 0 0 0 0 
-0.92388 0.382683 0 0 0 0 
-0.880081 0.311931 0 0 0 0 
-0.897719 0.327917 0 0 0 0 
-0.915356 0.343905 0 0 0 0 
-0.932993 0.359895 0 0 0 0 
-0.905701 0.304716 0 0 0 0 
-0.923623 0.320801 0 0 0 0 
-0.941544 0.33689 0 0 0 0 
-0.93132 0.2975 0 0 0 0 
-0.949528 0.313682 0 0 0 0 
-0.95694 0.290285 0 0 0 0 
1 2 6
2 7 6
2 3 7
3 8 7
3 4 8
4 9 8
4 5 9
6 7 10
7 11 10
7 8 11
8 12 11
8 9 12
10 11 13
11 14 13
11 12 14
13 14 15
ZONE N=15, E=16, F=FEPOINT, ET=TRIANGLE
-0.812777 0.366293 0 0 0 0 
-0.830063 0.392569 0 0 0 0 
-0.847349 0.418845 0 0 0 0 
-0.864635 0.445121 0 0 0 0 
-0.881921 0.471397 0 0 0 0 
-0.840552 0.370391 0 0 0 0 
-0.858111 0.396795 0 0 0 0 
-0.875668 0.423202 0 0 0 0 
-0.893224 0.449611 0 0 0 0 
-0.868328 0.374488 0 0 0 0 
-0.88616 0.40102 0 0 0 0 
-0.903989 0.427555 0 0 0 0 
-0.896104 0.378586 0 0 0 0 
-0.91421 0.405241 0 0 0 0 
-0.92388 0.382683 0 0 0 0 
1 2 6
2 7 6
2 3 7
3 8 7
3 4 8
4 9 8
4 5 9
6 7 10
7 11 10
7 8 11
8 12 11
8 9 12
10 11 13
11 14 13
11 12 14
13 14 15
ZONE N=15, E=16, F=FEPOINT, ET=TRIANGLE
-0.83147 -0.55557 0 0 0 0 
-0.823215 -0.53539 0 0 0 0 
-0.814961 -0.51521 0 0 0 0 
-0.806706 -0.49503 0 0 0 0 
-0.798451 -0.47485 0 0 0 0 
-0.844854 -0.534998 0 0 0 0 
-0.836343 -0.514659 0 0 0 0 
-0.827832 -0.494322 0 0 0 0 
-0.819319 -0.473987 0 0 0 0 
-0.857729 -0.514103 0 0 0 0 
-0.848959 -0.493611 0 0 0 0 
-0.840186 -0.473123 0 0 0 0 
-0.870087 -0.492898 0 0 0 0 
-0.861054 -0.47226 0 0 0 0 
-0.881921 -0.471397 0 0 0 0 
1 2 6
2 7 6
2 3 7
3 8 7
3 4 8
4 9 8
4 5 9
6 7 10
7 11 10
7 8 11
8 12 11
8 9 12
10 11 13
11 14 13
11 12 14
13 14 15
ZONE N=15, E=16, F=FEPOINT, ET=TRIANGLE
-0.886038 -0.325428 0 0 0 0 
-0.895498 -0.339742 0 0 0 0 
-0.904959 -0.354056 0 0 0 0 
-0.914419 -0.36837 0 0 0 0 
-0.92388 -0.382683 0 0 0 0 
-0.869256 -0.339317 0 0 0 0 
-0.878717 -0.353631 0 0 0 0 
-0.888177 -0.367945 0 0 0 0 
-0.897638 -0.382258 0 0 0 0 
-0.852475 -0.353206 0 0 0 0 
-0.861936 -0.36752 0 0 0 0 
-0.871396 -0.381834 0 0 0 0 
-0.835694 -0.367095 0 0 0 0 
-0.845154 -0.381409 0 0 0 0 
-0.818913 -0.380984 0 0 0 0 
1 2 6
2 7 6
2 3 7
3 8 7
3 4 8
4 9 8
4 5 9
6 7 10
7 11 10
7 8 11
8 12 11
8 9 12
10 11 13
11 14 13
11 12 14
13 14 15
ZONE N=15, E=16, F=FEPOINT, ET=TRIANGLE
-0.795858 0.46496 0 0 0 0 
-0.804761 0.487613 0 0 0 0 
-0.813664 0.510265 0 0 0 0 
-0.822567 0.532918 0 0 0 0 
-0.83147 0.55557 0 0 0 0 
-0.817373 0.46657 0 0 0 0 
-0.826535 0.489377 0 0 0 0 
-0.835695 0.512186 0 0 0 0 
-0.844854 0.534998 0 0 0 0 
-0.838889 0.468179 0 0 0 0 
-0.84831 0.491139 0 0 0 0 
-0.857729 0.514103 0 0 0 0 
-0.860405 0.469788 0 0 0 0 
-0.870087 0.492898 0 0 0 0 
-0.881921 0.471397 0 0 0 0 
1 2 6
2 7 6
2 3 7
3 8 7
3 4 8
4 9 8
4 5 9
6 7 10
7 11 10
7 8 11
8 12 11
8 9 12
10 11 13
11 14 13
11 12 14
13 14 15
ZONE N=15, E=16, F=FEPOINT, ET=TRIANGLE
-0.83147 0.55557 0 0 0 0 
-0.804226 0.560346 0 0 0 0 
-0.776982 0.565122 0 0 0 0 
-0.749738 0.569898 0 0 0 0 
-0.722494 0.574674 0 0 0 0 
-0.817585 0.575808 0 0 0 0 
-0.790096 0.580409 0 0 0 0 
-0.762609 0.585007 0 0 0 0 
-0.735123 0.589604 0 0 0 0 
-0.803208 0.595699 0 0 0 0 
-0.775478 0.600119 0 0 0 0 
-0.747752 0.604534 0 0 0 0 
-0.788346 0.615232 0 0 0 0 
-0.760381 0.619464 0 0 0 0 
-0.77301 0.634393 0 0 0 0 
1 2 6
2 7 6
2 3 7
3 8 7
3 4 8
4 9 8
4 5 9
6 7 10
7 11 10
7 8 11
8 12 11
8 9 12
10 11 13
11 14 13
11 12 14
13 14 15
ZONE N=15, E=16, F=FEPOINT, ET=TRIANGLE
-0.739445 0.512602 0 0 0 0 
-0.735207 0.52812 0 0 0 0 
-0.730969 0.543638 0 0 0 0 
-0.726731 0.559156 0 0 0 0 
-0.722494 0.574674 0 0 0 0 
-0.762451 0.523344 0 0 0 0 
-0.758213 0.538862 0 0 0 0 
-0.753975 0.55438 0 0 0 0 
-0.749738 0.569898 0 0 0 0 
-0.785457 0.534086 0 0 0 0 
-0.781219 0.549604 0 0 0 0 
-0.776982 0.565122 0 0 0 0 
-0.808463 0.544828 0 0 0 0 
-0.804226 0.560346 0 0 0 0 
-0.83147 0.55557 0 0 0 0 
1 2 6
2 7 6
2 3 7
3 8 7
3 4 8
4 9 8
4 5 9
6 7 10
7 11 10
7 8 11
8 12 11
8 9 12
10 11 13
11 14 13
11 12 14
13 14 15
ZONE N=15, E=16, F=FEPOINT, ET=TRIANGLE
-0.739445 0.512602 0 0 0 0 
-0.762451 0.523344 0 0 0 0 
-0.785457 0.534086 0 0 0 0 
-0.808463 0.544828 0 0 0 0 
-0.83147 0.55557 0 0 0 0 
-0.753548 0.500691 0 0 0 0 
-0.776554 0.511434 0 0 0 0 
-0.79956 0.522176 0 0 0 0 
-0.822567 0.532918 0 0 0 0 
-0.767651 0.488781 0 0 0 0 
-0.790657 0.499523 0 0 0 0 
-0.813664 0.510265 0 0 0 0 
-0.781754 0.476871 0 0 0 0 
-0.804761 0.487613 0 0 0 0 
-0.795858 0.46496 0 0 0 0 
1 2 6
2 7 6
2 3 7
3 8 7
3 4 8
4 9 8
4 5 9
6 7 10
7 11 10
7 8 11
8 12 11
8 9 12
10 11 13
11 14 13
11 12 14
13 14 15
ZONE N=15, E=16, F=FEPOINT, ET=TRIANGLE
-0.77301 0.634393 0 0 0 0 
-0.745581 0.625765 0 0 0 0 
-0.718151 0.617137 0 0 0 0 
-0.690721 0.608509 0 0 0 0 
-0.663291 0.599881 0 0 0 0 
-0.757209 0.653173 0 0 0 0 
-0.729552 0.644346 0 0 0 0 
-0.701898 0.635518 0 0 0 0 
-0.674245 0.626688 0 0 0 0 
-0.740951 0.671559 0 0 0 0 
-0.713073 0.662528 0 0 0 0 
-0.685199 0.653494 0 0 0 0 
-0.724247 0.689541 0 0 0 0 
-0.696153 0.6803 0 0 0 0 
-0.707107 0.707107 0 0 0 0 
1 2 6
2 7 6
2 3 7
3 8 7
3 4 8
4 9 8
4 5 9
6 7 10
7 11 10
7 8 11
8 12 11
8 9 12
10 11 13
11 14 13
11 12 14
13 14 15
ZONE N=15, E=16, F=FEPOINT, ET=TRIANGLE
-0.722494 0.574674 0 0 0 0 
-0.707693 0.580976 0 0 0 0 
-0.692892 0.587278 0 0 0 0 
-0.678091 0.593579 0 0 0 0 
-0.663291 0.599881 0 0 0 0 
-0.735123 0.589604 0 0 0 0 
-0.720322 0.595906 0 0 0 0 
-0.705521 0.602208 0 0 0 0 
-0.690721 0.608509 0 0 0 0 
-0.747752 0.604534 0 0 0 0 
-0.732951 0.610836 0 0 0 0 
-0.718151 0.617137 0 0 0 0 
-0.760381 0.619464 0 0 0 0 
-0.745581 0.625765 0 0 0 0 
-0.77301 0.634393 0 0 0 0 
1 2 6
2 7 6
2 3 7
3 8 7
3 4 8
4 9 8
4 5 9
6 7 10
7 11 10
7 8 11
8 12 11
8 9 12
10 11 13
11 14 13
11 12 14
13 14 15
ZONE N=15, E=16, F=FEPOINT, ET=TRIANGLE
-0.55557 -0.83147 0 0 0 0 
-0.550122 -0.810848 0 0 0 0 
-0.544674 -0.790227 0 0 0 0 
-0.539226 -0.769606 0 0 0 0 
-0.533778 -0.748984 0 0 0 0 
-0.575808 -0.817585 0 0 0 0 
-0.570185 -0.796719 0 0 0 0 
-0.564559 -0.775854 0 0 0 0 
-0.558932 -0.754991 0 0 0 0 
-0.595699 -0.803208 0 0 0 0 
-0.589894 -0.782101 0 0 0 0 
-0.584086 -0.760997 0 0 0 0 
-0.615232 -0.788346 0 0 0 0 
-0.60924 -0.767004 0 0 0 0 
-0.634393 -0.77301 0 0 0 0 
1 2 6
2 7 6
2 3 7
3 8 7
3 4 8
4 9 8
4 5 9
6 7 10
7 11 10
7 8 11
8 12 11
8 9 12
10 11 13
11 14 13
11 12 14
13 14 15
ZONE N=15, E=16, F=FEPOINT, ET=TRIANGLE
-0.641844 -0.675925 0 0 0 0 
-0.652502 -0.659457 0 0 0 0 
-0.663159 -0.642988 0 0 0 0 
-0.673817 -0.62652 0 0 0 0 
-0.684474 -0.610052 0 0 0 0 
-0.65816 -0.683721 0 0 0 0 
-0.668817 -0.667252 0 0 0 0 
-0.679475 -0.650784 0 0 0 0 
-0.690132 -0.634315 0 0 0 0 
-0.674476 -0.691516 0 0 0 0 
-0.685133 -0.675048 0 0 0 0 
-0.69579 -0.658579 0 0 0 0 
-0.690791 -0.699311 0 0 0 0 
-0.701449 -0.682843 0 0 0 0 
-0.707107 -0.707107 0 0 0 0 
1 2 6
2 7 6
2 3 7
3 8 7
3 4 8
4 9 8
4 5 9
6 7 10
7 11 10
7 8 11
8 12 11
8 9 12
10 11 13
11 14 13
11 12 14
13 14 15
ZONE N=15, E=16, F=FEPOINT, ET=TRIANGLE
-0.553052 0.726399 0 0 0 0 
-0.553681 0.752667 0 0 0 0 
-0.554311 0.778934 0 0 0 0 
-0.554941 0.805202 0 0 0 0 
-0.55557 0.83147 0 0 0 0 
-0.573387 0.738052 0 0 0 0 
-0.574196 0.764562 0 0 0 0 
-0.575003 0.791072 0 0 0 0 
-0.575808 0.817585 0 0 0 0 
-0.593722 0.749705 0 0 0 0 
-0.594713 0.776455 0 0 0 0 
-0.595699 0.803208 0 0 0 0 
-0.614058 0.761358 0 0 0 0 
-0.615232 0.788346 0 0 0 0 
-0.634393 0.77301 0 0 0 0 
1 2 6
2 7 6
2 3 7
3 8 7
3 4 8
4 9 8
4 5 9
6 7 10
7 11 10
7 8 11
8 12 11
8 9 12
10 11 13
11 14 13
11 12 14
13 14 15
ZONE N=15, E=16, F=FEPOINT, ET=TRIANGLE
-0.290285 -0.95694 0 0 0 0 
-0.285954 -0.934569 0 0 0 0 
-0.281624 -0.912198 0 0 0 0 
-0.277294 -0.889827 0 0 0 0 
-0.272963 -0.867455 0 0 0 0 
-0.305142 -0.934619 0 0 0 0 
-0.300812 -0.912248 0 0 0 0 
-0.296481 -0.889876 0 0 0 0 
-0.292151 -0.867505 0 0 0 0 
-0.319999 -0.912297 0 0 0 0 
-0.315669 -0.889926 0 0 0 0 
-0.311339 -0.867555 0 0 0 0 
-0.334857 -0.889976 0 0 0 0 
-0.330527 -0.867605 0 0 0 0 
-0.349714 -0.867654 0 0 0 0 
1 2 6
2 7 6
2 3 7
3 8 7
3 4 8
4 9 8
4 5 9
6 7 10
7 11 10
7 8 11
8 12 11
8 9 12
10 11 13
11 14 13
11 12 14
13 14 15
ZONE N=15, E=16, F=FEPOINT, ET=TRIANGLE
-0.290285 0.95694 0 0 0 0 
-0.294699 0.938163 0 0 0 0 
-0.299114 0.919385 0 0 0 0 
-0.303528 0.900607 0 0 0 0 
-0.307942 0.881829 0 0 0 0 
-0.272207 0.938533 0 0 0 0 
-0.276621 0.919756 0 0 0 0 
-0.281036 0.900978 0 0 0 0 
-0.28545 0.8822 0 0 0 0 
-0.254129 0.920127 0 0 0 0 
-0.258543 0.901349 0 0 0 0 
-0.262958 0.882571 0 0 0 0 
-0.236051 0.90172 0 0 0 0 
-0.240465 0.882942 0 0 0 0 
-0.217973 0.883313 0 0 0 0 
1 2 6
2 7 6
2 3 7
3 8 7
3 4 8
4 9 8
4 5 9
6 7 10
7 11 10
7 8 11
8 12 11
8 9 12
10 11 13
11 14 13
11 12 14
13 14 15
ZONE N=15, E=16, F=FEPOINT, ET=TRIANGLE
-0.134638 0.926869 0 0 0 0 
-0.125483 0.943948 0 0 0 0 
-0.116327 0.961027 0 0 0 0 
-0.107172 0.978106 0 0 0 0 
-0.0980171 0.995185 0 0 0 0 
-0.149751 0.940348 0 0 0 0 
-0.14064 0.957725 0 0 0 0 
-0.131527 0.975102 0 0 0 0 
-0.122411 0.99248 0 0 0 0 
-0.164864 0.953827 0 0 0 0 
-0.1558 0.971502 0 0 0 0 
-0.14673 0.989177 0 0 0 0 
-0.179977 0.967306 0 0 0 0 
-0.170962 0.985278 0 0 0 0 
-0.19509 0.980785 0 0 0 0 
1 2 6
2 7 6
2 3 7
3 8 7
3 4 8
4 9 8
4 5 9
6 7 10
7 11 10
7 8 11
8 12 11
8 9 12
10 11 13
11 14 13
11 12 14
13 14 15
ZONE N=15, E=16, F=FEPOINT, ET=TRIANGLE
-0.307942 0.881829 0 0 0 0 
-0.326628 0.892342 0 0 0 0 
-0.345313 0.902854 0 0 0 0 
-0.363998 0.913367 0 0 0 0 
-0.382683 0.92388 0 0 0 0 
-0.321589 0.873209 0 0 0 0 
-0.340275 0.883721 0 0 0 0 
-0.35896 0.894234 0 0 0 0 
-0.377645 0.904747 0 0 0 0 
-0.335236 0.864588 0 0 0 0 
-0.353922 0.875101 0 0 0 0 
-0.372607 0.885613 0 0 0 0 
-0.348883 0.855968 0 0 0 0 
-0.367569 0.86648 0 0 0 0 
-0.36253 0.847347 0 0 0 0 
1 2 6
2 7 6
2 3 7
3 8 7
3 4 8
4 9 8
4 5 9
6 7 10
7 11 10
7 8 11
8 12 11
8 9 12
10 11 13
11 14 13
11 12 14
13 14 15
ZONE N=15, E=16, F=FEPOINT, ET=TRIANGLE
-0.88085 -0.189976 0 0 0 0 
-0.899873 -0.215053 0 0 0 0 
-0.918895 -0.240131 0 0 0 0 
-0.937918 -0.265208 0 0 0 0 
-0.95694 -0.290285 0 0 0 0 
-0.866974 -0.199288 0 0 0 0 
-0.885997 -0.224365 0 0 0 0 
-0.905019 -0.249442 0 0 0 0 
-0.924042 -0.274519 0 0 0 0 
-0.853099 -0.208599 0 0 0 0 
-0.872121 -0.233676 0 0 0 0 
-0.891144 -0.258753 0 0 0 0 
-0.839223 -0.217911 0 0 0 0 
-0.858245 -0.242988 0 0 0 0 
-0.825347 -0.227222 0 0 0 0 
1 2 6
2 7 6
2 3 7
3 8 7
3 4 8
4 9 8
4 5 9
6 7 10
7 11 10
7 8 11
8 12 11
8 9 12
10 11 13
11 14 13
11 12 14
13 14 15
ZONE N=15, E=16, F=FEPOINT, ET=TRIANGLE
-0.36253 0.847347 0 0 0 0 
-0.389747 0.855991 0 0 0 0 
-0.416964 0.864634 0 0 0 0 
-0.44418 0.873278 0 0 0 0 
-0.471397 0.881921 0 0 0 0 
-0.39025 0.834584 0 0 0 0 
-0.417466 0.843227 0 0 0 0 
-0.444683 0.851871 0 0 0 0 
-0.4719 0.860514 0 0 0 0 
-0.417969 0.82182 0 0 0 0 
-0.445186 0.830464 0 0 0 0 
-0.472402 0.839107 0 0 0 0 
-0.445688 0.809057 0 0 0 0 
-0.472905 0.8177 0 0 0 0 
-0.473408 0.796293 0 0 0 0 
1 2 6
2 7 6
2 3 7
3 8 7
3 4 8
4 9 8
4 5 9
6 7 10
7 11 10
7 8 11
8 12 11
8 9 12
10 11 13
11 14 13
11 12 14
13 14 15
ZONE N=15, E=16, F=FEPOINT, ET=TRIANGLE
-0.663291 0.599881 0 0 0 0 
-0.654516 0.619108 0 0 0 0 
-0.645741 0.638335 0 0 0 0 
-0.636966 0.657562 0 0 0 0 
-0.628191 0.676789 0 0 0 0 
-0.674245 0.626688 0 0 0 0 
-0.66547 0.645915 0 0 0 0 
-0.656695 0.665142 0 0 0 0 
-0.64792 0.684369 0 0 0 0 
-0.685199 0.653494 0 0 0 0 
-0.676424 0.672721 0 0 0 0 
-0.667649 0.691948 0 0 0 0 
-0.696153 0.6803 0 0 0 0 
-0.687378 0.699527 0 0 0 0 
-0.707107 0.707107 0 0 0 0 
1 2 6
2 7 6
2 3 7
3 8 7
3 4 8
4 9 8
4 5 9
6 7 10
7 11 10
7 8 11
8 12 11
8 9 12
10 11 13
11 14 13
11 12 14
13 14 15
ZONE N=15, E=16, F=FEPOINT, ET=TRIANGLE
-0.881921 0.471397 0 0 0 0 
-0.864635 0.445121 0 0 0 0 
-0.847349 0.418845 0 0 0 0 
-0.830063 0.392569 0 0 0 0 
-0.812777 0.366293 0 0 0 0 
-0.860405 0.469788 0 0 0 0 
-0.843119 0.443512 0 0 0 0 
-0.825833 0.417236 0 0 0 0 
-0.808547 0.39096 0 0 0 0 
-0.838889 0.468179 0 0 0 0 
-0.821603 0.441903 0 0 0 0 
-0.804317 0.415627 0 0 0 0 
-0.817373 0.46657 0 0 0 0 
-0.800087 0.440294 0 0 0 0 
-0.795858 0.46496 0 0 0 0 
1 2 6
2 7 6
2 3 7
3 8 7
3 4 8
4 9 8
4 5 9
6 7 10
7 11 10
7 8 11
8 12 11
8 9 12
10 11 13
11 14 13
11 12 14
13 14 15
ZONE N=15, E=16, F=FEPOINT, ET=TRIANGLE
0.228927 0.900892 0 0 0 0 
0.244266 0.914904 0 0 0 0 
0.259606 0.928916 0 0 0 0 
0.274945 0.942928 0 0 0 0 
0.290285 0.95694 0 0 0 0 
0.220468 0.920866 0 0 0 0 
0.23588 0.93517 0 0 0 0 
0.251295 0.949473 0 0 0 0 
0.266713 0.963776 0 0 0 0 
0.212009 0.940839 0 0 0 0 
0.227492 0.955436 0 0 0 0 
0.24298 0.970031 0 0 0 0 
0.203549 0.960812 0 0 0 0 
0.219101 0.975702 0 0 0 0 
0.19509 0.980785 0 0 0 0 
1 2 6
2 7 6
2 3 7
3 8 7
3 4 8
4 9 8
4 5 9
6 7 10
7 11 10
7 8 11
8 12 11
8 9 12
10 11 13
11 14 13
11 12 14
13 14 15
ZONE N=15, E=16, F=FEPOINT, ET=TRIANGLE
0.382683 0.92388 0 0 0 0 
0.359895 0.932993 0 0 0 0 
0.33689 0.941544 0 0 0 0 
0.313682 0.949528 0 0 0 0 
0.290285 0.95694 0 0 0 0 
0.363936 0.904517 0 0 0 0 
0.341042 0.913348 0 0 0 0 
0.317938 0.921615 0 0 0 0 
0.294637 0.929313 0 0 0 0 
0.345189 0.885155 0 0 0 0 
0.322191 0.893703 0 0 0 0 
0.29899 0.901685 0 0 0 0 
0.326442 0.865792 0 0 0 0 
0.303343 0.874057 0 0 0 0 
0.307695 0.84643 0 0 0 0 
1 2 6
2 7 6
2 3 7
3 8 7
3 4 8
4 9 8
4 5 9
6 7 10
7 11 10
7 8 11
8 12 11
8 9 12
10 11 13
11 14 13
11 12 14
13 14 15
ZONE N=15, E=16, F=FEPOINT, ET=TRIANGLE
0.290285 0.95694 0 0 0 0 
0.274945 0.942928 0 0 0 0 
0.259606 0.928916 0 0 0 0 
0.244266 0.914904 0 0 0 0 
0.228927 0.900892 0 0 0 0 
0.294637 0.929313 0 0 0 0 
0.279298 0.915301 0 0 0 0 
0.263958 0.901289 0 0 0 0 
0.248619 0.887277 0 0 0 0 
0.29899 0.901685 0 0 0 0 
0.283651 0.887673 0 0 0 0 
0.268311 0.873661 0 0 0 0 
0.303343 0.874057 0 0 0 0 
0.288003 0.860045 0 0 0 0 
0.307695 0.84643 0 0 0 0 
1 2 6
2 7 6
2 3 7
3 8 7
3 4 8
4 9 8
4 5 9
6 7 10
7 11 10
7 8 11
8 12 11
8 9 12
10 11 13
11 14 13
11 12 14
13 14 15
ZONE N=15, E=16, F=FEPOINT, ET=TRIANGLE
0.135541 0.931411 0 0 0 0 
0.158888 0.923781 0 0 0 0 
0.182234 0.916152 0 0 0 0 
0.20558 0.908522 0 0 0 0 
0.228927 0.900892 0 0 0 0 
0.150428 0.943755 0 0 0 0 
0.173775 0.936125 0 0 0 0 
0.197121 0.928495 0 0 0 0 
0.220468 0.920866 0 0 0 0 
0.165316 0.956098 0 0 0 0 
0.188662 0.948469 0 0 0 0 
0.212009 0.940839 0 0 0 0 
0.180203 0.968442 0 0 0 0 
0.203549 0.960812 0 0 0 0 
0.19509 0.980785 0 0 0 0 
1 2 6
2 7 6
2 3 7
3 8 7
3 4 8
4 9 8
4 5 9
6 7 10
7 11 10
7 8 11
8 12 11
8 9 12
10 11 13
11 14 13
11 12 14
13 14 15
ZONE N=15, E=16, F=FEPOINT, ET=TRIANGLE
6.12323e-17 1 0 0 0 0 
0.00264304 0.97379 0 0 0 0 
0.00528607 0.947581 0 0 0 0 
0.00792911 0.921371 0 0 0 0 
0.0105721 0.895162 0 0 0 0 
0.0180104 0.980286 0 0 0 0 
0.0206534 0.954076 0 0 0 0 
0.0232964 0.927866 0 0 0 0 
0.0259395 0.901657 0 0 0 0 
0.0360207 0.960571 0 0 0 0 
0.0386638 0.934362 0 0 0 0 
0.0413068 0.908152 0 0 0 0 
0.0540311 0.940857 0 0 0 0 
0.0566741 0.914647 0 0 0 0 
0.0720415 0.921143 0 0 0 0 
1 2 6
2 7 6
2 3 7
3 8 7
3 4 8
4 9 8
4 5 9
6 7 10
7 11 10
7 8 11
8 12 11
8 9 12
10 11 13
11 14 13
11 12 14
13 14 15
ZONE N=15, E=16, F=FEPOINT, ET=TRIANGLE
-0.0384245 0.943173 0 0 0 0 
-0.0261753 0.93117 0 0 0 0 
-0.0139262 0.919167 0 0 0 0 
-0.00167701 0.907164 0 0 0 0 
0.0105721 0.895162 0 0 0 0 
-0.0288184 0.95738 0 0 0 0 
-0.0165692 0.945377 0 0 0 0 
-0.00432005 0.933374 0 0 0 0 
0.00792911 0.921371 0 0 0 0 
-0.0192122 0.971586 0 0 0 0 
-0.00696308 0.959584 0 0 0 0 
0.00528607 0.947581 0 0 0 0 
-0.00960612 0.985793 0 0 0 0 
0.00264304 0.97379 0 0 0 0 
6.12323e-17 1 0 0 0 0 
1 2 6
2 7 6
2 3 7
3 8 7
3 4 8
4 9 8
4 5 9
6 7 10
7 11 10
7 8 11
8 12 11
8 9 12
10 11 13
11 14 13
11 12 14
13 14 15
ZONE N=15, E=16, F=FEPOINT, ET=TRIANGLE
-0.474168 -0.793132 0 0 0 0 
-0.494518 -0.802716 0 0 0 0 
-0.514869 -0.812301 0 0 0 0 
-0.53522 -0.821885 0 0 0 0 
-0.55557 -0.83147 0 0 0 0 
-0.473475 -0.815329 0 0 0 0 
-0.493981 -0.825172 0 0 0 0 
-0.514488 -0.835013 0 0 0 0 
-0.534998 -0.844854 0 0 0 0 
-0.472782 -0.837526 0 0 0 0 
-0.49344 -0.847629 0 0 0 0 
-0.514103 -0.857729 0 0 0 0 
-0.47209 -0.859724 0 0 0 0 
-0.492898 -0.870087 0 0 0 0 
-0.471397 -0.881921 0 0 0 0 
1 2 6
2 7 6
2 3 7
3 8 7
3 4 8
4 9 8
4 5 9
6 7 10
7 11 10
7 8 11
8 12 11
8 9 12
10 11 13
11 14 13
11 12 14
13 14 15
ZONE N=15, E=16, F=FEPOINT, ET=TRIANGLE
-0.641844 -0.675925 0 0 0 0 
-0.639982 -0.700197 0 0 0 0 
-0.638119 -0.724468 0 0 0 0 
-0.636256 -0.748739 0 0 0 0 
-0.634393 -0.77301 0 0 0 0 
-0.624283 -0.680233 0 0 0 0 
-0.62242 -0.704505 0 0 0 0 
-0.620557 -0.728776 0 0 0 0 
-0.618695 -0.753047 0 0 0 0 
-0.606721 -0.684541 0 0 0 0 
-0.604859 -0.708813 0 0 0 0 
-0.602996 -0.733084 0 0 0 0 
-0.58916 -0.688849 0 0 0 0 
-0.587297 -0.713121 0 0 0 0 
-0.571598 -0.693157 0 0 0 0 
1 2 6
2 7 6
2 3 7
3 8 7
3 4 8
4 9 8
4 5 9
6 7 10
7 11 10
7 8 11
8 12 11
8 9 12
10 11 13
11 14 13
11 12 14
13 14 15
ZONE N=15, E=16, F=FEPOINT, ET=TRIANGLE
-0.474168 -0.793132 0 0 0 0 
-0.48907 -0.782095 0 0 0 0 
-0.503973 -0.771058 0 0 0 0 
-0.518876 -0.760021 0 0 0 0 
-0.533778 -0.748984 0 0 0 0 
-0.494518 -0.802716 0 0 0 0 
-0.509421 -0.791679 0 0 0 0 
-0.524324 -0.780643 0 0 0 0 
-0.539226 -0.769606 0 0 0 0 
-0.514869 -0.812301 0 0 0 0 
-0.529772 -0.801264 0 0 0 0 
-0.544674 -0.790227 0 0 0 0 
-0.53522 -0.821885 0 0 0 0 
-0.550122 -0.810848 0 0 0 0 
-0.55557 -0.83147 0 0 0 0 
1 2 6
2 7 6
2 3 7
3 8 7
3 4 8
4 9 8
4 5 9
6 7 10
7 11 10
7 8 11
8 12 11
8 9 12
10 11 13
11 14 13
11 12 14
13 14 15
ZONE N=15, E=16, F=FEPOINT, ET=TRIANGLE
-0.707107 -0.707107 0 0 0 0 
-0.701449 -0.682843 0 0 0 0 
-0.69579 -0.658579 0 0 0 0 
-0.690132 -0.634315 0 0 0 0 
-0.684474 -0.610052 0 0 0 0 
-0.724247 -0.689541 0 0 0 0 
-0.718369 -0.665071 0 0 0 0 
-0.712489 -0.640603 0 0 0 0 
-0.706608 -0.616137 0 0 0 0 
-0.740951 -0.671559 0 0 0 0 
-0.734848 -0.646889 0 0 0 0 
-0.728742 -0.622222 0 0 0 0 
-0.757209 -0.653173 0 0 0 0 
-0.750876 -0.628308 0 0 0 0 
-0.77301 -0.634393 0 0 0 0 
1 2 6
2 7 6
2 3 7
3 8 7
3 4 8
4 9 8
4 5 9
6 7 10
7 11 10
7 8 11
8 12 11
8 9 12
10 11 13
11 14 13
11 12 14
13 14 15
ZONE N=15, E=16, F=FEPOINT, ET=TRIANGLE
-0.707107 -0.707107 0 0 0 0 
-0.689541 -0.724247 0 0 0 0 
-0.671559 -0.740951 0 0 0 0 
-0.653173 -0.757209 0 0 0 0 
-0.634393 -0.77301 0 0 0 0 
-0.690791 -0.699311 0 0 0 0 
-0.673019 -0.716232 0 0 0 0 
-0.654837 -0.732711 0 0 0 0 
-0.636256 -0.748739 0 0 0 0 
-0.674476 -0.691516 0 0 0 0 
-0.656499 -0.708215 0 0 0 0 
-0.638119 -0.724468 0 0 0 0 
-0.65816 -0.683721 0 0 0 0 
-0.639982 -0.700197 0 0 0 0 
-0.641844 -0.675925 0 0 0 0 
1 2 6
2 7 6
2 3 7
3 8 7
3 4 8
4 9 8
4 5 9
6 7 10
7 11 10
7 8 11
8 12 11
8 9 12
10 11 13
11 14 13
11 12 14
13 14 15
ZONE N=15, E=16, F=FEPOINT, ET=TRIANGLE
-0.738683 -0.55223 0 0 0 0 
-0.761879 -0.553065 0 0 0 0 
-0.785076 -0.5539 0 0 0 0 
-0.808273 -0.554735 0 0 0 0 
-0.83147 -0.55557 0 0 0 0 
-0.747265 -0.572771 0 0 0 0 
-0.770703 -0.573785 0 0 0 0 
-0.794143 -0.574798 0 0 0 0 
-0.817585 -0.575808 0 0 0 0 
-0.755847 -0.593312 0 0 0 0 
-0.779526 -0.594507 0 0 0 0 
-0.803208 -0.595699 0 0 0 0 
-0.764428 -0.613853 0 0 0 0 
-0.788346 -0.615232 0 0 0 0 
-0.77301 -0.634393 0 0 0 0 
1 2 6
2 7 6
2 3 7
3 8 7
3 4 8
4 9 8
4 5 9
6 7 10
7 11 10
7 8 11
8 12 11
8 9 12
10 11 13
11 14 13
11 12 14
13 14 15
ZONE N=15, E=16, F=FEPOINT, ET=TRIANGLE
-0.77301 -0.634393 0 0 0 0 
-0.750876 -0.628308 0 0 0 0 
-0.728742 -0.622222 0 0 0 0 
-0.706608 -0.616137 0 0 0 0 
-0.684474 -0.610052 0 0 0 0 
-0.764428 -0.613853 0 0 0 0 
-0.742294 -0.607767 0 0 0 0 
-0.72016 -0.601682 0 0 0 0 
-0.698026 -0.595596 0 0 0 0 
-0.755847 -0.593312 0 0 0 0 
-0.733712 -0.587226 0 0 0 0 
-0.711578 -0.581141 0 0 0 0 
-0.747265 -0.572771 0 0 0 0 
-0.72513 -0.566686 0 0 0 0 
-0.738683 -0.55223 0 0 0 0 
1 2 6
2 7 6
2 3 7
3 8 7
3 4 8
4 9 8
4 5 9
6 7 10
7 11 10
7 8 11
8 12 11
8 9 12
10 11 13
11 14 13
11 12 14
13 14 15
ZONE N=15, E=16, F=FEPOINT, ET=TRIANGLE
-0.571598 -0.693157 0 0 0 0 
-0.587297 -0.713121 0 0 0 0 
-0.602996 -0.733084 0 0 0 0 
-0.618695 -0.753047 0 0 0 0 
-0.634393 -0.77301 0 0 0 0 
-0.562143 -0.707114 0 0 0 0 
-0.577842 -0.727077 0 0 0 0 
-0.593541 -0.747041 0 0 0 0 
-0.60924 -0.767004 0 0 0 0 
-0.552688 -0.721071 0 0 0 0 
-0.568387 -0.741034 0 0 0 0 
-0.584086 -0.760997 0 0 0 0 
-0.543233 -0.735028 0 0 0 0 
-0.558932 -0.754991 0 0 0 0 
-0.533778 -0.748984 0 0 0 0 
1 2 6
2 7 6
2 3 7
3 8 7
3 4 8
4 9 8
4 5 9
6 7 10
7 11 10
7 8 11
8 12 11
8 9 12
10 11 13
11 14 13
11 12 14
13 14 15
ZONE N=15, E=16, F=FEPOINT, ET=TRIANGLE
-0.474168 -0.793132 0 0 0 0 
-0.473475 -0.815329 0 0 0 0 
-0.472782 -0.837526 0 0 0 0 
-0.47209 -0.859724 0 0 0 0 
-0.471397 -0.881921 0 0 0 0 
-0.454554 -0.800218 0 0 0 0 
-0.453861 -0.822415 0 0 0 0 
-0.453168 -0.844613 0 0 0 0 
-0.452476 -0.86681 0 0 0 0 
-0.43494 -0.807304 0 0 0 0 
-0.434247 -0.829501 0 0 0 0 
-0.433555 -0.851699 0 0 0 0 
-0.415326 -0.81439 0 0 0 0 
-0.414633 -0.836587 0 0 0 0 
-0.395712 -0.821476 0 0 0 0 
1 2 6
2 7 6
2 3 7
3 8 7
3 4 8
4 9 8
4 5 9
6 7 10
7 11 10
7 8 11
8 12 11
8 9 12
10 11 13
11 14 13
11 12 14
13 14 15
ZONE N=15, E=16, F=FEPOINT, ET=TRIANGLE
-0.395712 -0.821476 0 0 0 0 
-0.414633 -0.836587 0 0 0 0 
-0.433555 -0.851699 0 0 0 0 
-0.452476 -0.86681 0 0 0 0 
-0.471397 -0.881921 0 0 0 0 
-0.392455 -0.847077 0 0 0 0 
-0.411505 -0.862461 0 0 0 0 
-0.430557 -0.877843 0 0 0 0 
-0.449611 -0.893224 0 0 0 0 
-0.389198 -0.872678 0 0 0 0 
-0.408374 -0.888335 0 0 0 0 
-0.427555 -0.903989 0 0 0 0 
-0.385941 -0.898279 0 0 0 0 
-0.405241 -0.91421 0 0 0 0 
-0.382683 -0.92388 0 0 0 0 
1 2 6
2 7 6
2 3 7
3 8 7
3 4 8
4 9 8
4 5 9
6 7 10
7 11 10
7 8 11
8 12 11
8 9 12
10 11 13
11 14 13
11 12 14
13 14 15
ZONE N=15, E=16, F=FEPOINT, ET=TRIANGLE
-0.382683 -0.92388 0 0 0 0 
-0.374441 -0.909823 0 0 0 0 
-0.366199 -0.895767 0 0 0 0 
-0.357957 -0.881711 0 0 0 0 
-0.349714 -0.867654 0 0 0 0 
-0.385941 -0.898279 0 0 0 0 
-0.377698 -0.884222 0 0 0 0 
-0.369456 -0.870166 0 0 0 0 
-0.361214 -0.85611 0 0 0 0 
-0.389198 -0.872678 0 0 0 0 
-0.380956 -0.858622 0 0 0 0 
-0.372713 -0.844565 0 0 0 0 
-0.392455 -0.847077 0 0 0 0 
-0.384213 -0.833021 0 0 0 0 
-0.395712 -0.821476 0 0 0 0 
1 2 6
2 7 6
2 3 7
3 8 7
3 4 8
4 9 8
4 5 9
6 7 10
7 11 10
7 8 11
8 12 11
8 9 12
10 11 13
11 14 13
11 12 14
13 14 15
ZONE N=15, E=16, F=FEPOINT, ET=TRIANGLE
-0.212797 -0.819803 0 0 0 0 
-0.227839 -0.831716 0 0 0 0 
-0.24288 -0.843629 0 0 0 0 
-0.257922 -0.855542 0 0 0 0 
-0.272963 -0.867455 0 0 0 0 
-0.20837 -0.860049 0 0 0 0 
-0.223412 -0.871962 0 0 0 0 
-0.238454 -0.883875 0 0 0 0 
-0.253495 -0.895788 0 0 0 0 
-0.203944 -0.900294 0 0 0 0 
-0.218985 -0.912207 0 0 0 0 
-0.234027 -0.92412 0 0 0 0 
-0.199517 -0.94054 0 0 0 0 
-0.214559 -0.952453 0 0 0 0 
-0.19509 -0.980785 0 0 0 0 
1 2 6
2 7 6
2 3 7
3 8 7
3 4 8
4 9 8
4 5 9
6 7 10
7 11 10
7 8 11
8 12 11
8 9 12
10 11 13
11 14 13
11 12 14
13 14 15
ZONE N=15, E=16, F=FEPOINT, ET=TRIANGLE
-0.290285 -0.95694 0 0 0 0 
-0.305142 -0.934619 0 0 0 0 
-0.319999 -0.912297 0 0 0 0 
-0.334857 -0.889976 0 0 0 0 
-0.349714 -0.867654 0 0 0 0 
-0.313682 -0.949528 0 0 0 0 
-0.328442 -0.926922 0 0 0 0 
-0.343201 -0.904316 0 0 0 0 
-0.357957 -0.881711 0 0 0 0 
-0.33689 -0.941544 0 0 0 0 
-0.351547 -0.918655 0 0 0 0 
-0.366199 -0.895767 0 0 0 0 
-0.359895 -0.932993 0 0 0 0 
-0.374441 -0.909823 0 0 0 0 
-0.382683 -0.92388 0 0 0 0 
1 2 6
2 7 6
2 3 7
3 8 7
3 4 8
4 9 8
4 5 9
6 7 10
7 11 10
7 8 11
8 12 11
8 9 12
10 11 13
11 14 13
11 12 14
13 14 15
ZONE N=15, E=16, F=FEPOINT, ET=TRIANGLE
-0.290285 -0.95694 0 0 0 0 
-0.266713 -0.963776 0 0 0 0 
-0.24298 -0.970031 0 0 0 0 
-0.219101 -0.975702 0 0 0 0 
-0.19509 -0.980785 0 0 0 0 
-0.285954 -0.934569 0 0 0 0 
-0.262305 -0.941114 0 0 0 0 
-0.238501 -0.947076 0 0 0 0 
-0.214559 -0.952453 0 0 0 0 
-0.281624 -0.912198 0 0 0 0 
-0.257899 -0.918451 0 0 0 0 
-0.234027 -0.92412 0 0 0 0 
-0.277294 -0.889827 0 0 0 0 
-0.253495 -0.895788 0 0 0 0 
-0.272963 -0.867455 0 0 0 0 
1 2 6
2 7 6
2 3 7
3 8 7
3 4 8
4 9 8
4 5 9
6 7 10
7 11 10
7 8 11
8 12 11
8 9 12
10 11 13
11 14 13
11 12 14
13 14 15
ZONE N=15, E=16, F=FEPOINT, ET=TRIANGLE
0.724766 -0.531131 0 0 0 0 
0.712635 -0.548431 0 0 0 0 
0.700504 -0.56573 0 0 0 0 
0.688373 -0.58303 0 0 0 0 
0.676242 -0.600329 0 0 0 0 
0.736827 -0.556947 0 0 0 0 
0.724696 -0.574246 0 0 0 0 
0.712565 -0.591546 0 0 0 0 
0.700434 -0.608845 0 0 0 0 
0.748888 -0.582762 0 0 0 0 
0.736757 -0.600062 0 0 0 0 
0.724626 -0.617361 0 0 0 0 
0.760949 -0.608578 0 0 0 0 
0.748818 -0.625877 0 0 0 0 
0.77301 -0.634393 0 0 0 0 
1 2 6
2 7 6
2 3 7
3 8 7
3 4 8
4 9 8
4 5 9
6 7 10
7 11 10
7 8 11
8 12 11
8 9 12
10 11 13
11 14 13
11 12 14
13 14 15
ZONE N=15, E=16, F=FEPOINT, ET=TRIANGLE
0.876902 -0.224155 0 0 0 0 
0.896912 -0.240687 0 0 0 0 
0.916921 -0.25722 0 0 0 0 
0.936931 -0.273752 0 0 0 0 
0.95694 -0.290285 0 0 0 0 
0.902873 -0.216889 0 0 0 0 
0.923175 -0.233494 0 0 0 0 
0.943476 -0.250102 0 0 0 0 
0.963776 -0.266713 0 0 0 0 
0.928844 -0.209623 0 0 0 0 
0.949438 -0.226299 0 0 0 0 
0.970031 -0.24298 0 0 0 0 
0.954815 -0.202356 0 0 0 0 
0.975702 -0.219101 0 0 0 0 
0.980785 -0.19509 0 0 0 0 
1 2 6
2 7 6
2 3 7
3 8 7
3 4 8
4 9 8
4 5 9
6 7 10
7 11 10
7 8 11
8 12 11
8 9 12
10 11 13
11 14 13
11 12 14
13 14 15
ZONE N=15, E=16, F=FEPOINT, ET=TRIANGLE
0.807765 -0.481073 0 0 0 0 
0.787016 -0.493588 0 0 0 0 
0.766266 -0.506102 0 0 0 0 
0.745516 -0.518617 0 0 0 0 
0.724766 -0.531131 0 0 0 0 
0.813691 -0.499698 0 0 0 0 
0.792942 -0.512212 0 0 0 0 
0.772192 -0.524726 0 0 0 0 
0.751442 -0.537241 0 0 0 0 
0.819618 -0.518322 0 0 0 0 
0.798868 -0.530836 0 0 0 0 
0.778118 -0.543351 0 0 0 0 
0.825544 -0.536946 0 0 0 0 
0.804794 -0.54946 0 0 0 0 
0.83147 -0.55557 0 0 0 0 
1 2 6
2 7 6
2 3 7
3 8 7
3 4 8
4 9 8
4 5 9
6 7 10
7 11 10
7 8 11
8 12 11
8 9 12
10 11 13
11 14 13
11 12 14
13 14 15
ZONE N=15, E=16, F=FEPOINT, ET=TRIANGLE
-0.55557 0.83147 0 0 0 0 
-0.53503 0.822676 0 0 0 0 
-0.514489 0.813881 0 0 0 0 
-0.493948 0.805087 0 0 0 0 
-0.473408 0.796293 0 0 0 0 
-0.534998 0.844854 0 0 0 0 
-0.514298 0.835804 0 0 0 0 
-0.4936 0.826753 0 0 0 0 
-0.472905 0.8177 0 0 0 0 
-0.514103 0.857729 0 0 0 0 
-0.49325 0.848419 0 0 0 0 
-0.472402 0.839107 0 0 0 0 
-0.492898 0.870087 0 0 0 0 
-0.4719 0.860514 0 0 0 0 
-0.471397 0.881921 0 0 0 0 
1 2 6
2 7 6
2 3 7
3 8 7
3 4 8
4 9 8
4 5 9
6 7 10
7 11 10
7 8 11
8 12 11
8 9 12
10 11 13
11 14 13
11 12 14
13 14 15
ZONE N=15, E=16, F=FEPOINT, ET=TRIANGLE
-0.471397 0.881921 0 0 0 0 
-0.44418 0.873278 0 0 0 0 
-0.416964 0.864634 0 0 0 0 
-0.389747 0.855991 0 0 0 0 
-0.36253 0.847347 0 0 0 0 
-0.449611 0.893224 0 0 0 0 
-0.422262 0.884311 0 0 0 0 
-0.394914 0.875396 0 0 0 0 
-0.367569 0.86648 0 0 0 0 
-0.427555 0.903989 0 0 0 0 
-0.400079 0.894802 0 0 0 0 
-0.372607 0.885613 0 0 0 0 
-0.405241 0.91421 0 0 0 0 
-0.377645 0.904747 0 0 0 0 
-0.382683 0.92388 0 0 0 0 
1 2 6
2 7 6
2 3 7
3 8 7
3 4 8
4 9 8
4 5 9
6 7 10
7 11 10
7 8 11
8 12 11
8 9 12
10 11 13
11 14 13
11 12 14
13 14 15
ZONE N=15, E=16, F=FEPOINT, ET=TRIANGLE
-0.19509 0.980785 0 0 0 0 
-0.219101 0.975702 0 0 0 0 
-0.24298 0.970031 0 0 0 0 
-0.266713 0.963776 0 0 0 0 
-0.290285 0.95694 0 0 0 0 
-0.200811 0.956417 0 0 0 0 
-0.224754 0.951041 0 0 0 0 
-0.248557 0.945078 0 0 0 0 
-0.272207 0.938533 0 0 0 0 
-0.206532 0.932049 0 0 0 0 
-0.230403 0.92638 0 0 0 0 
-0.254129 0.920127 0 0 0 0 
-0.212252 0.907681 0 0 0 0 
-0.236051 0.90172 0 0 0 0 
-0.217973 0.883313 0 0 0 0 
1 2 6
2 7 6
2 3 7
3 8 7
3 4 8
4 9 8
4 5 9
6 7 10
7 11 10
7 8 11
8 12 11
8 9 12
10 11 13
11 14 13
11 12 14
13 14 15
ZONE N=15, E=16, F=FEPOINT, ET=TRIANGLE
-0.290285 0.95694 0 0 0 0 
-0.313682 0.949528 0 0 0 0 
-0.33689 0.941544 0 0 0 0 
-0.359895 0.932993 0 0 0 0 
-0.382683 0.92388 0 0 0 0 
-0.294699 0.938163 0 0 0 0 
-0.317999 0.930465 0 0 0 0 
-0.341104 0.922198 0 0 0 0 
-0.363998 0.913367 0 0 0 0 
-0.299114 0.919385 0 0 0 0 
-0.322315 0.911403 0 0 0 0 
-0.345313 0.902854 0 0 0 0 
-0.303528 0.900607 0 0 0 0 
-0.326628 0.892342 0 0 0 0 
-0.307942 0.881829 0 0 0 0 
1 2 6
2 7 6
2 3 7
3 8 7
3 4 8
4 9 8
4 5 9
6 7 10
7 11 10
7 8 11
8 12 11
8 9 12
10 11 13
11 14 13
11 12 14
13 14 15
ZONE N=15, E=16, F=FEPOINT, ET=TRIANGLE
-0.19509 0.980785 0 0 0 0 
-0.200811 0.956417 0 0 0 0 
-0.206532 0.932049 0 0 0 0 
-0.212252 0.907681 0 0 0 0 
-0.217973 0.883313 0 0 0 0 
-0.179977 0.967306 0 0 0 0 
-0.185698 0.942938 0 0 0 0 
-0.191419 0.91857 0 0 0 0 
-0.197139 0.894202 0 0 0 0 
-0.164864 0.953827 0 0 0 0 
-0.170585 0.929459 0 0 0 0 
-0.176305 0.905091 0 0 0 0 
-0.149751 0.940348 0 0 0 0 
-0.155472 0.91598 0 0 0 0 
-0.134638 0.926869 0 0 0 0 
1 2 6
2 7 6
2 3 7
3 8 7
3 4 8
4 9 8
4 5 9
6 7 10
7 11 10
7 8 11
8 12 11
8 9 12
10 11 13
11 14 13
11 12 14
13 14 15
ZONE N=15, E=16, F=FEPOINT, ET=TRIANGLE
-0.0384245 0.943173 0 0 0 0 
-0.0288184 0.95738 0 0 0 0 
-0.0192122 0.971586 0 0 0 0 
-0.00960612 0.985793 0 0 0 0 
6.245e-17 1 0 0 0 0 
-0.0533226 0.956176 0 0 0 0 
-0.0437313 0.970683 0 0 0 0 
-0.0341375 0.985191 0 0 0 0 
-0.0245412 0.999699 0 0 0 0 
-0.0682208 0.969179 0 0 0 0 
-0.0586467 0.983987 0 0 0 0 
-0.0490677 0.998795 0 0 0 0 
-0.083119 0.982182 0 0 0 0 
-0.0735646 0.99729 0 0 0 0 
-0.0980171 0.995185 0 0 0 0 
1 2 6
2 7 6
2 3 7
3 8 7
3 4 8
4 9 8
4 5 9
6 7 10
7 11 10
7 8 11
8 12 11
8 9 12
10 11 13
11 14 13
11 12 14
13 14 15
ZONE N=15, E=16, F=FEPOINT, ET=TRIANGLE
-0.134638 0.926869 0 0 0 0 
-0.110584 0.930945 0 0 0 0 
-0.0865311 0.935021 0 0 0 0 
-0.0624778 0.939097 0 0 0 0 
-0.0384245 0.943173 0 0 0 0 
-0.125483 0.943948 0 0 0 0 
-0.101429 0.948024 0 0 0 0 
-0.0773759 0.9521 0 0 0 0 
-0.0533226 0.956176 0 0 0 0 
-0.116327 0.961027 0 0 0 0 
-0.0922741 0.965103 0 0 0 0 
-0.0682208 0.969179 0 0 0 0 
-0.107172 0.978106 0 0 0 0 
-0.083119 0.982182 0 0 0 0 
-0.0980171 0.995185 0 0 0 0 
1 2 6
2 7 6
2 3 7
3 8 7
3 4 8
4 9 8
4 5 9
6 7 10
7 11 10
7 8 11
8 12 11
8 9 12
10 11 13
11 14 13
11 12 14
13 14 15
ZONE N=15, E=16, F=FEPOINT, ET=TRIANGLE
-0.707107 0.707107 0 0 0 0 
-0.687378 0.699527 0 0 0 0 
-0.667649 0.691948 0 0 0 0 
-0.64792 0.684369 0 0 0 0 
-0.628191 0.676789 0 0 0 0 
-0.689541 0.724247 0 0 0 0 
-0.669606 0.716448 0 0 0 0 
-0.649673 0.708647 0 0 0 0 
-0.629742 0.700845 0 0 0 0 
-0.671559 0.740951 0 0 0 0 
-0.651424 0.732927 0 0 0 0 
-0.631292 0.7249 0 0 0 0 
-0.653173 0.757209 0 0 0 0 
-0.632843 0.748955 0 0 0 0 
-0.634393 0.77301 0 0 0 0 
1 2 6
2 7 6
2 3 7
3 8 7
3 4 8
4 9 8
4 5 9
6 7 10
7 11 10
7 8 11
8 12 11
8 9 12
10 11 13
11 14 13
11 12 14
13 14 15
ZONE N=15, E=16, F=FEPOINT, ET=TRIANGLE
0.55557 0.83147 0 0 0 0 
0.557227 0.812002 0 0 0 0 
0.558883 0.792534 0 0 0 0 
0.56054 0.773066 0 0 0 0 
0.562196 0.753598 0 0 0 0 
0.575808 0.817585 0 0 0 0 
0.577289 0.797872 0 0 0 0 
0.578768 0.778161 0 0 0 0 
0.580246 0.758451 0 0 0 0 
0.595699 0.803208 0 0 0 0 
0.596999 0.783254 0 0 0 0 
0.598295 0.763304 0 0 0 0 
0.615232 0.788346 0 0 0 0 
0.616344 0.768157 0 0 0 0 
0.634393 0.77301 0 0 0 0 
1 2 6
2 7 6
2 3 7
3 8 7
3 4 8
4 9 8
4 5 9
6 7 10
7 11 10
7 8 11
8 12 11
8 9 12
10 11 13
11 14 13
11 12 14
13 14 15
ZONE N=15, E=16, F=FEPOINT, ET=TRIANGLE
0.635905 0.688334 0 0 0 0 
0.638347 0.670088 0 0 0 0 
0.640789 0.651842 0 0 0 0 
0.643232 0.633595 0 0 0 0 
0.645674 0.615349 0 0 0 0 
0.653705 0.693027 0 0 0 0 
0.656148 0.674781 0 0 0 0 
0.65859 0.656535 0 0 0 0 
0.661032 0.638289 0 0 0 0 
0.671506 0.69772 0 0 0 0 
0.673948 0.679474 0 0 0 0 
0.67639 0.661228 0 0 0 0 
0.689306 0.702414 0 0 0 0 
0.691749 0.684167 0 0 0 0 
0.707107 0.707107 0 0 0 0 
1 2 6
2 7 6
2 3 7
3 8 7
3 4 8
4 9 8
4 5 9
6 7 10
7 11 10
7 8 11
8 12 11
8 9 12
10 11 13
11 14 13
11 12 14
13 14 15
ZONE N=15, E=16, F=FEPOINT, ET=TRIANGLE
0.377868 0.853515 0 0 0 0 
0.40239 0.840162 0 0 0 0 
0.426912 0.82681 0 0 0 0 
0.451433 0.813458 0 0 0 0 
0.475955 0.800105 0 0 0 0 
0.40125 0.860616 0 0 0 0 
0.425772 0.847264 0 0 0 0 
0.450294 0.833912 0 0 0 0 
0.474815 0.820559 0 0 0 0 
0.424632 0.867718 0 0 0 0 
0.449154 0.854366 0 0 0 0 
0.473676 0.841013 0 0 0 0 
0.448015 0.87482 0 0 0 0 
0.472536 0.861467 0 0 0 0 
0.471397 0.881921 0 0 0 0 
1 2 6
2 7 6
2 3 7
3 8 7
3 4 8
4 9 8
4 5 9
6 7 10
7 11 10
7 8 11
8 12 11
8 9 12
10 11 13
11 14 13
11 12 14
13 14 15
ZONE N=15, E=16, F=FEPOINT, ET=TRIANGLE
0.382683 0.92388 0 0 0 0 
0.363936 0.904517 0 0 0 0 
0.345189 0.885155 0 0 0 0 
0.326442 0.865792 0 0 0 0 
0.307695 0.84643 0 0 0 0 
0.38148 0.906288 0 0 0 0 
0.362733 0.886926 0 0 0 0 
0.343986 0.867563 0 0 0 0 
0.325239 0.848201 0 0 0 0 
0.380276 0.888697 0 0 0 0 
0.361529 0.869335 0 0 0 0 
0.342782 0.849972 0 0 0 0 
0.379072 0.871106 0 0 0 0 
0.360325 0.851743 0 0 0 0 
0.377868 0.853515 0 0 0 0 
1 2 6
2 7 6
2 3 7
3 8 7
3 4 8
4 9 8
4 5 9
6 7 10
7 11 10
7 8 11
8 12 11
8 9 12
10 11 13
11 14 13
11 12 14
13 14 15
ZONE N=15, E=16, F=FEPOINT, ET=TRIANGLE
0.377868 0.853515 0 0 0 0 
0.40125 0.860616 0 0 0 0 
0.424632 0.867718 0 0 0 0 
0.448015 0.87482 0 0 0 0 
0.471397 0.881921 0 0 0 0 
0.379072 0.871106 0 0 0 0 
0.402583 0.87848 0 0 0 0 
0.426096 0.885853 0 0 0 0 
0.449611 0.893224 0 0 0 0 
0.380276 0.888697 0 0 0 0 
0.403913 0.896344 0 0 0 0 
0.427555 0.903989 0 0 0 0 
0.38148 0.906288 0 0 0 0 
0.405241 0.91421 0 0 0 0 
0.382683 0.92388 0 0 0 0 
1 2 6
2 7 6
2 3 7
3 8 7
3 4 8
4 9 8
4 5 9
6 7 10
7 11 10
7 8 11
8 12 11
8 9 12
10 11 13
11 14 13
11 12 14
13 14 15
ZONE N=15, E=16, F=FEPOINT, ET=TRIANGLE
0.683499 0.54518 0 0 0 0 
0.705877 0.567484 0 0 0 0 
0.728255 0.589787 0 0 0 0 
0.750633 0.61209 0 0 0 0 
0.77301 0.634393 0 0 0 0 
0.674043 0.562723 0 0 0 0 
0.696421 0.585026 0 0 0 0 
0.718799 0.607329 0 0 0 0 
0.741176 0.629632 0 0 0 0 
0.664587 0.580265 0 0 0 0 
0.686964 0.602568 0 0 0 0 
0.709342 0.624871 0 0 0 0 
0.65513 0.597807 0 0 0 0 
0.677508 0.62011 0 0 0 0 
0.645674 0.615349 0 0 0 0 
1 2 6
2 7 6
2 3 7
3 8 7
3 4 8
4 9 8
4 5 9
6 7 10
7 11 10
7 8 11
8 12 11
8 9 12
10 11 13
11 14 13
11 12 14
13 14 15
ZONE N=15, E=16, F=FEPOINT, ET=TRIANGLE
0.475955 0.800105 0 0 0 0 
0.495859 0.807946 0 0 0 0 
0.515763 0.815787 0 0 0 0 
0.535666 0.823629 0 0 0 0 
0.55557 0.83147 0 0 0 0 
0.474815 0.820559 0 0 0 0 
0.494874 0.828659 0 0 0 0 
0.514935 0.836757 0 0 0 0 
0.534998 0.844854 0 0 0 0 
0.473676 0.841013 0 0 0 0 
0.493887 0.849372 0 0 0 0 
0.514103 0.857729 0 0 0 0 
0.472536 0.861467 0 0 0 0 
0.492898 0.870087 0 0 0 0 
0.471397 0.881921 0 0 0 0 
1 2 6
2 7 6
2 3 7
3 8 7
3 4 8
4 9 8
4 5 9
6 7 10
7 11 10
7 8 11
8 12 11
8 9 12
10 11 13
11 14 13
11 12 14
13 14 15
ZONE N=15, E=16, F=FEPOINT, ET=TRIANGLE
0.92388 0.382683 0 0 0 0 
0.896905 0.363368 0 0 0 0 
0.869931 0.344053 0 0 0 0 
0.842957 0.324738 0 0 0 0 
0.815983 0.305422 0 0 0 0 
0.911376 0.35145 0 0 0 0 
0.884402 0.332135 0 0 0 0 
0.857428 0.312819 0 0 0 0 
0.830454 0.293504 0 0 0 0 
0.898873 0.320216 0 0 0 0 
0.871899 0.300901 0 0 0 0 
0.844925 0.281586 0 0 0 0 
0.88637 0.288983 0 0 0 0 
0.859396 0.269668 0 0 0 0 
0.873867 0.257749 0 0 0 0 
1 2 6
2 7 6
2 3 7
3 8 7
3 4 8
4 9 8
4 5 9
6 7 10
7 11 10
7 8 11
8 12 11
8 9 12
10 11 13
11 14 13
11 12 14
13 14 15
ZONE N=15, E=16, F=FEPOINT, ET=TRIANGLE
0.881921 0.471397 0 0 0 0 
0.870087 0.492898 0 0 0 0 
0.857729 0.514103 0 0 0 0 
0.844854 0.534998 0 0 0 0 
0.83147 0.55557 0 0 0 0 
0.855988 0.465602 0 0 0 0 
0.843893 0.486953 0 0 0 0 
0.831277 0.508001 0 0 0 0 
0.818149 0.528732 0 0 0 0 
0.830054 0.459808 0 0 0 0 
0.8177 0.481006 0 0 0 0 
0.804829 0.501895 0 0 0 0 
0.804121 0.454014 0 0 0 0 
0.791508 0.475057 0 0 0 0 
0.778188 0.448219 0 0 0 0 
1 2 6
2 7 6
2 3 7
3 8 7
3 4 8
4 9 8
4 5 9
6 7 10
7 11 10
7 8 11
8 12 11
8 9 12
10 11 13
11 14 13
11 12 14
13 14 15
ZONE N=15, E=16, F=FEPOINT, ET=TRIANGLE
0.683499 0.54518 0 0 0 0 
0.699985 0.539032 0 0 0 0 
0.716471 0.532883 0 0 0 0 
0.732957 0.526734 0 0 0 0 
0.749443 0.520585 0 0 0 0 
0.705877 0.567484 0 0 0 0 
0.722363 0.561335 0 0 0 0 
0.738849 0.555186 0 0 0 0 
0.755335 0.549037 0 0 0 0 
0.728255 0.589787 0 0 0 0 
0.744741 0.583638 0 0 0 0 
0.761227 0.577489 0 0 0 0 
0.750633 0.61209 0 0 0 0 
0.767119 0.605941 0 0 0 0 
0.77301 0.634393 0 0 0 0 
1 2 6
2 7 6
2 3 7
3 8 7
3 4 8
4 9 8
4 5 9
6 7 10
7 11 10
7 8 11
8 12 11
8 9 12
10 11 13
11 14 13
11 12 14
13 14 15
ZONE N=15, E=16, F=FEPOINT, ET=TRIANGLE
0.778188 0.448219 0 0 0 0 
0.792546 0.433002 0 0 0 0 
0.806904 0.417784 0 0 0 0 
0.821262 0.402566 0 0 0 0 
0.83562 0.387349 0 0 0 0 
0.804121 0.454014 0 0 0 0 
0.818479 0.438796 0 0 0 0 
0.832837 0.423578 0 0 0 0 
0.847195 0.408361 0 0 0 0 
0.830054 0.459808 0 0 0 0 
0.844412 0.44459 0 0 0 0 
0.858771 0.429373 0 0 0 0 
0.855988 0.465602 0 0 0 0 
0.870346 0.450385 0 0 0 0 
0.881921 0.471397 0 0 0 0 
1 2 6
2 7 6
2 3 7
3 8 7
3 4 8
4 9 8
4 5 9
6 7 10
7 11 10
7 8 11
8 12 11
8 9 12
10 11 13
11 14 13
11 12 14
13 14 15
ZONE N=15, E=16, F=FEPOINT, ET=TRIANGLE
0.645674 0.615349 0 0 0 0 
0.677508 0.62011 0 0 0 0 
0.709342 0.624871 0 0 0 0 
0.741176 0.629632 0 0 0 0 
0.77301 0.634393 0 0 0 0 
0.661032 0.638289 0 0 0 0 
0.693089 0.643252 0 0 0 0 
0.725148 0.648213 0 0 0 0 
0.757209 0.653173 0 0 0 0 
0.67639 0.661228 0 0 0 0 
0.708669 0.666395 0 0 0 0 
0.740951 0.671559 0 0 0 0 
0.691749 0.684167 0 0 0 0 
0.724247 0.689541 0 0 0 0 
0.707107 0.707107 0 0 0 0 
1 2 6
2 7 6
2 3 7
3 8 7
3 4 8
4 9 8
4 5 9
6 7 10
7 11 10
7 8 11
8 12 11
8 9 12
10 11 13
11 14 13
11 12 14
13 14 15
ZONE N=15, E=16, F=FEPOINT, ET=TRIANGLE
0.92388 0.382683 0 0 0 0 
0.901815 0.38385 0 0 0 0 
0.87975 0.385016 0 0 0 0 
0.857685 0.386182 0 0 0 0 
0.83562 0.387349 0 0 0 0 
0.896905 0.363368 0 0 0 0 
0.874841 0.364534 0 0 0 0 
0.852776 0.365701 0 0 0 0 
0.830711 0.366867 0 0 0 0 
0.869931 0.344053 0 0 0 0 
0.847866 0.345219 0 0 0 0 
0.825802 0.346386 0 0 0 0 
0.842957 0.324738 0 0 0 0 
0.820892 0.325904 0 0 0 0 
0.815983 0.305422 0 0 0 0 
1 2 6
2 7 6
2 3 7
3 8 7
3 4 8
4 9 8
4 5 9
6 7 10
7 11 10
7 8 11
8 12 11
8 9 12
10 11 13
11 14 13
11 12 14
13 14 15
ZONE N=15, E=16, F=FEPOINT, ET=TRIANGLE
0.77301 0.634393 0 0 0 0 
0.767119 0.605941 0 0 0 0 
0.761227 0.577489 0 0 0 0 
0.755335 0.549037 0 0 0 0 
0.749443 0.520585 0 0 0 0 
0.788346 0.615232 0 0 0 0 
0.782216 0.586596 0 0 0 0 
0.776084 0.557963 0 0 0 0 
0.76995 0.529331 0 0 0 0 
0.803208 0.595699 0 0 0 0 
0.796833 0.566886 0 0 0 0 
0.790456 0.538078 0 0 0 0 
0.817585 0.575808 0 0 0 0 
0.810963 0.546824 0 0 0 0 
0.83147 0.55557 0 0 0 0 
1 2 6
2 7 6
2 3 7
3 8 7
3 4 8
4 9 8
4 5 9
6 7 10
7 11 10
7 8 11
8 12 11
8 9 12
10 11 13
11 14 13
11 12 14
13 14 15
ZONE N=15, E=16, F=FEPOINT, ET=TRIANGLE
0.749443 0.520585 0 0 0 0 
0.756629 0.502493 0 0 0 0 
0.763815 0.484402 0 0 0 0 
0.771001 0.466311 0 0 0 0 
0.778188 0.448219 0 0 0 0 
0.76995 0.529331 0 0 0 0 
0.777136 0.51124 0 0 0 0 
0.784322 0.493148 0 0 0 0 
0.791508 0.475057 0 0 0 0 
0.790456 0.538078 0 0 0 0 
0.797643 0.519986 0 0 0 0 
0.804829 0.501895 0 0 0 0 
0.810963 0.546824 0 0 0 0 
0.818149 0.528732 0 0 0 0 
0.83147 0.55557 0 0 0 0 
1 2 6
2 7 6
2 3 7
3 8 7
3 4 8
4 9 8
4 5 9
6 7 10
7 11 10
7 8 11
8 12 11
8 9 12
10 11 13
11 14 13
11 12 14
13 14 15
ZONE N=15, E=16, F=FEPOINT, ET=TRIANGLE
0.83562 0.387349 0 0 0 0 
0.857685 0.386182 0 0 0 0 
0.87975 0.385016 0 0 0 0 
0.901815 0.38385 0 0 0 0 
0.92388 0.382683 0 0 0 0 
0.847195 0.408361 0 0 0 0 
0.869532 0.407323 0 0 0 0 
0.891871 0.406283 0 0 0 0 
0.91421 0.405241 0 0 0 0 
0.858771 0.429373 0 0 0 0 
0.881379 0.428466 0 0 0 0 
0.903989 0.427555 0 0 0 0 
0.870346 0.450385 0 0 0 0 
0.893224 0.449611 0 0 0 0 
0.881921 0.471397 0 0 0 0 
1 2 6
2 7 6
2 3 7
3 8 7
3 4 8
4 9 8
4 5 9
6 7 10
7 11 10
7 8 11
8 12 11
8 9 12
10 11 13
11 14 13
11 12 14
13 14 15
ZONE N=15, E=16, F=FEPOINT, ET=TRIANGLE
0.897385 0.197334 0 0 0 0 
0.912274 0.220572 0 0 0 0 
0.927163 0.243809 0 0 0 0 
0.942052 0.267047 0 0 0 0 
0.95694 0.290285 0 0 0 0 
0.891506 0.212438 0 0 0 0 
0.906395 0.235675 0 0 0 0 
0.921283 0.258913 0 0 0 0 
0.936172 0.282151 0 0 0 0 
0.885626 0.227542 0 0 0 0 
0.900515 0.250779 0 0 0 0 
0.915404 0.274017 0 0 0 0 
0.879747 0.242646 0 0 0 0 
0.894635 0.265883 0 0 0 0 
0.873867 0.257749 0 0 0 0 
1 2 6
2 7 6
2 3 7
3 8 7
3 4 8
4 9 8
4 5 9
6 7 10
7 11 10
7 8 11
8 12 11
8 9 12
10 11 13
11 14 13
11 12 14
13 14 15
ZONE N=15, E=16, F=FEPOINT, ET=TRIANGLE
0.995185 0.0980171 0 0 0 0 
0.971774 0.0735024 0 0 0 0 
0.948363 0.0489876 0 0 0 0 
0.924952 0.0244729 0 0 0 0 
0.901541 -4.18676e-05 0 0 0 0 
0.99729 0.0735646 0 0 0 0 
0.973579 0.0490301 0 0 0 0 
0.949867 0.0244981 0 0 0 0 
0.926155 -3.14007e-05 0 0 0 0 
0.998795 0.0490677 0 0 0 0 
0.974783 0.0245209 0 0 0 0 
0.95077 -2.09338e-05 0 0 0 0 
0.999699 0.0245412 0 0 0 0 
0.975385 -1.04669e-05 0 0 0 0 
1 -2.44928e-16 0 0 0 0 
1 2 6
2 7 6
2 3 7
3 8 7
3 4 8
4 9 8
4 5 9
6 7 10
7 11 10
7 8 11
8 12 11
8 9 12
10 11 13
11 14 13
11 12 14
13 14 15
ZONE N=15, E=16, F=FEPOINT, ET=TRIANGLE
0.906226 0.0983061 0 0 0 0 
0.924866 0.122502 0 0 0 0 
0.943505 0.146698 0 0 0 0 
0.962145 0.170894 0 0 0 0 
0.980785 0.19509 0 0 0 0 
0.904016 0.123063 0 0 0 0 
0.922656 0.147259 0 0 0 0 
0.941295 0.171455 0 0 0 0 
0.959935 0.195651 0 0 0 0 
0.901806 0.14782 0 0 0 0 
0.920445 0.172016 0 0 0 0 
0.939085 0.196212 0 0 0 0 
0.899596 0.172577 0 0 0 0 
0.918235 0.196773 0 0 0 0 
0.897385 0.197334 0 0 0 0 
1 2 6
2 7 6
2 3 7
3 8 7
3 4 8
4 9 8
4 5 9
6 7 10
7 11 10
7 8 11
8 12 11
8 9 12
10 11 13
11 14 13
11 12 14
13 14 15
ZONE N=15, E=16, F=FEPOINT, ET=TRIANGLE
0.901541 -4.18676e-05 0 0 0 0 
0.924952 0.0244729 0 0 0 0 
0.948363 0.0489876 0 0 0 0 
0.971774 0.0735024 0 0 0 0 
0.995185 0.0980171 0 0 0 0 
0.902712 0.0245451 0 0 0 0 
0.926123 0.0490599 0 0 0 0 
0.949534 0.0735746 0 0 0 0 
0.972945 0.0980894 0 0 0 0 
0.903883 0.0491321 0 0 0 0 
0.927294 0.0736468 0 0 0 0 
0.950705 0.0981616 0 0 0 0 
0.905054 0.0737191 0 0 0 0 
0.928465 0.0982338 0 0 0 0 
0.906226 0.0983061 0 0 0 0 
1 2 6
2 7 6
2 3 7
3 8 7
3 4 8
4 9 8
4 5 9
6 7 10
7 11 10
7 8 11
8 12 11
8 9 12
10 11 13
11 14 13
11 12 14
13 14 15
ZONE N=15, E=16, F=FEPOINT, ET=TRIANGLE
0.995185 0.0980171 0 0 0 0 
0.99248 0.122411 0 0 0 0 
0.989177 0.14673 0 0 0 0 
0.985278 0.170962 0 0 0 0 
0.980785 0.19509 0 0 0 0 
0.972945 0.0980894 0 0 0 0 
0.969941 0.122444 0 0 0 0 
0.966341 0.146717 0 0 0 0 
0.962145 0.170894 0 0 0 0 
0.950705 0.0981616 0 0 0 0 
0.947403 0.122474 0 0 0 0 
0.943505 0.146698 0 0 0 0 
0.928465 0.0982338 0 0 0 0 
0.924866 0.122502 0 0 0 0 
0.906226 0.0983061 0 0 0 0 
1 2 6
2 7 6
2 3 7
3 8 7
3 4 8
4 9 8
4 5 9
6 7 10
7 11 10
7 8 11
8 12 11
8 9 12
10 11 13
11 14 13
11 12 14
13 14 15
ZONE N=15, E=16, F=FEPOINT, ET=TRIANGLE
0.92388 -0.382683 0 0 0 0 
0.910859 -0.360913 0 0 0 0 
0.897839 -0.339142 0 0 0 0 
0.884819 -0.317371 0 0 0 0 
0.871798 -0.295601 0 0 0 0 
0.901037 -0.375886 0 0 0 0 
0.888017 -0.354115 0 0 0 0 
0.874997 -0.332344 0 0 0 0 
0.861977 -0.310574 0 0 0 0 
0.878195 -0.369088 0 0 0 0 
0.865175 -0.347317 0 0 0 0 
0.852155 -0.325547 0 0 0 0 
0.855353 -0.362291 0 0 0 0 
0.842333 -0.34052 0 0 0 0 
0.832511 -0.355493 0 0 0 0 
1 2 6
2 7 6
2 3 7
3 8 7
3 4 8
4 9 8
4 5 9
6 7 10
7 11 10
7 8 11
8 12 11
8 9 12
10 11 13
11 14 13
11 12 14
13 14 15
ZONE N=15, E=16, F=FEPOINT, ET=TRIANGLE
0.920545 -0.0650585 0 0 0 0 
0.940409 -0.0487939 0 0 0 0 
0.960272 -0.0325293 0 0 0 0 
0.980136 -0.0162646 0 0 0 0 
1 -2.44929e-16 0 0 0 0 
0.915794 -0.0488044 0 0 0 0 
0.935657 -0.0325397 0 0 0 0 
0.955521 -0.0162751 0 0 0 0 
0.975385 -1.04669e-05 0 0 0 0 
0.911043 -0.0325502 0 0 0 0 
0.930906 -0.0162856 0 0 0 0 
0.95077 -2.09338e-05 0 0 0 0 
0.906292 -0.016296 0 0 0 0 
0.926155 -3.14007e-05 0 0 0 0 
0.901541 -4.18676e-05 0 0 0 0 
1 2 6
2 7 6
2 3 7
3 8 7
3 4 8
4 9 8
4 5 9
6 7 10
7 11 10
7 8 11
8 12 11
8 9 12
10 11 13
11 14 13
11 12 14
13 14 15
ZONE N=15, E=16, F=FEPOINT, ET=TRIANGLE
0.995185 -0.0980171 0 0 0 0 
0.964773 -0.10197 0 0 0 0 
0.934361 -0.105923 0 0 0 0 
0.903949 -0.109876 0 0 0 0 
0.873536 -0.113829 0 0 0 0 
0.99248 -0.122411 0 0 0 0 
0.961769 -0.126324 0 0 0 0 
0.931059 -0.130236 0 0 0 0 
0.900349 -0.134144 0 0 0 0 
0.989177 -0.14673 0 0 0 0 
0.958168 -0.150597 0 0 0 0 
0.927161 -0.15446 0 0 0 0 
0.985278 -0.170962 0 0 0 0 
0.953973 -0.174775 0 0 0 0 
0.980785 -0.19509 0 0 0 0 
1 2 6
2 7 6
2 3 7
3 8 7
3 4 8
4 9 8
4 5 9
6 7 10
7 11 10
7 8 11
8 12 11
8 9 12
10 11 13
11 14 13
11 12 14
13 14 15
ZONE N=15, E=16, F=FEPOINT, ET=TRIANGLE
0.0720415 0.921143 0 0 0 0 
0.0879164 0.92371 0 0 0 0 
0.103791 0.926277 0 0 0 0 
0.119666 0.928844 0 0 0 0 
0.135541 0.931411 0 0 0 0 
0.0785354 0.939653 0 0 0 0 
0.0944103 0.94222 0 0 0 0 
0.110285 0.944787 0 0 0 0 
0.12616 0.947355 0 0 0 0 
0.0850293 0.958164 0 0 0 0 
0.100904 0.960731 0 0 0 0 
0.116779 0.963298 0 0 0 0 
0.0915232 0.976674 0 0 0 0 
0.107398 0.979241 0 0 0 0 
0.0980171 0.995185 0 0 0 0 
1 2 6
2 7 6
2 3 7
3 8 7
3 4 8
4 9 8
4 5 9
6 7 10
7 11 10
7 8 11
8 12 11
8 9 12
10 11 13
11 14 13
11 12 14
13 14 15
ZONE N=15, E=16, F=FEPOINT, ET=TRIANGLE
0.135541 0.931411 0 0 0 0 
0.150428 0.943755 0 0 0 0 
0.165316 0.956098 0 0 0 0 
0.180203 0.968442 0 0 0 0 
0.19509 0.980785 0 0 0 0 
0.12616 0.947355 0 0 0 0 
0.141092 0.959996 0 0 0 0 
0.156026 0.972637 0 0 0 0 
0.170962 0.985278 0 0 0 0 
0.116779 0.963298 0 0 0 0 
0.131752 0.976238 0 0 0 0 
0.14673 0.989177 0 0 0 0 
0.107398 0.979241 0 0 0 0 
0.122411 0.99248 0 0 0 0 
0.0980171 0.995185 0 0 0 0 
1 2 6
2 7 6
2 3 7
3 8 7
3 4 8
4 9 8
4 5 9
6 7 10
7 11 10
7 8 11
8 12 11
8 9 12
10 11 13
11 14 13
11 12 14
13 14 15
ZONE N=15, E=16, F=FEPOINT, ET=TRIANGLE
0.0980171 0.995185 0 0 0 0 
0.0735646 0.99729 0 0 0 0 
0.0490677 0.998795 0 0 0 0 
0.0245412 0.999699 0 0 0 0 
5.55112e-17 1 0 0 0 0 
0.0915232 0.976674 0 0 0 0 
0.0670509 0.978479 0 0 0 0 
0.0425417 0.979684 0 0 0 0 
0.0180104 0.980286 0 0 0 0 
0.0850293 0.958164 0 0 0 0 
0.0605398 0.959668 0 0 0 0 
0.0360207 0.960571 0 0 0 0 
0.0785354 0.939653 0 0 0 0 
0.0540311 0.940857 0 0 0 0 
0.0720415 0.921143 0 0 0 0 
1 2 6
2 7 6
2 3 7
3 8 7
3 4 8
4 9 8
4 5 9
6 7 10
7 11 10
7 8 11
8 12 11
8 9 12
10 11 13
11 14 13
11 12 14
13 14 15
ZONE N=15, E=16, F=FEPOINT, ET=TRIANGLE
0.290285 -0.95694 0 0 0 0 
0.313682 -0.949528 0 0 0 0 
0.33689 -0.941544 0 0 0 0 
0.359895 -0.932993 0 0 0 0 
0.382683 -0.92388 0 0 0 0 
0.297048 -0.930852 0 0 0 0 
0.320349 -0.923155 0 0 0 0 
0.343453 -0.914888 0 0 0 0 
0.366347 -0.906057 0 0 0 0 
0.303812 -0.904764 0 0 0 0 
0.327013 -0.896783 0 0 0 0 
0.350011 -0.888234 0 0 0 0 
0.310575 -0.878676 0 0 0 0 
0.333675 -0.870411 0 0 0 0 
0.317339 -0.852588 0 0 0 0 
1 2 6
2 7 6
2 3 7
3 8 7
3 4 8
4 9 8
4 5 9
6 7 10
7 11 10
7 8 11
8 12 11
8 9 12
10 11 13
11 14 13
11 12 14
13 14 15
ZONE N=15, E=16, F=FEPOINT, ET=TRIANGLE
0.382683 -0.92388 0 0 0 0 
0.405241 -0.91421 0 0 0 0 
0.427555 -0.903989 0 0 0 0 
0.449611 -0.893224 0 0 0 0 
0.471397 -0.881921 0 0 0 0 
0.385444 -0.901425 0 0 0 0 
0.407877 -0.891481 0 0 0 0 
0.43006 -0.880989 0 0 0 0 
0.451979 -0.869956 0 0 0 0 
0.388204 -0.87897 0 0 0 0 
0.410511 -0.868753 0 0 0 0 
0.432561 -0.857991 0 0 0 0 
0.390965 -0.856516 0 0 0 0 
0.413143 -0.846026 0 0 0 0 
0.393725 -0.834061 0 0 0 0 
1 2 6
2 7 6
2 3 7
3 8 7
3 4 8
4 9 8
4 5 9
6 7 10
7 11 10
7 8 11
8 12 11
8 9 12
10 11 13
11 14 13
11 12 14
13 14 15
ZONE N=15, E=16, F=FEPOINT, ET=TRIANGLE
0.0369235 -0.896776 0 0 0 0 
0.0521969 -0.921379 0 0 0 0 
0.0674703 -0.945981 0 0 0 0 
0.0827437 -0.970583 0 0 0 0 
0.0980171 -0.995185 0 0 0 0 
0.0610806 -0.902935 0 0 0 0 
0.076354 -0.927537 0 0 0 0 
0.0916274 -0.952139 0 0 0 0 
0.106901 -0.976741 0 0 0 0 
0.0852377 -0.909094 0 0 0 0 
0.100511 -0.933696 0 0 0 0 
0.115785 -0.958298 0 0 0 0 
0.109395 -0.915252 0 0 0 0 
0.124668 -0.939854 0 0 0 0 
0.133552 -0.921411 0 0 0 0 
1 2 6
2 7 6
2 3 7
3 8 7
3 4 8
4 9 8
4 5 9
6 7 10
7 11 10
7 8 11
8 12 11
8 9 12
10 11 13
11 14 13
11 12 14
13 14 15
ZONE N=15, E=16, F=FEPOINT, ET=TRIANGLE
-0.55557 0.83147 0 0 0 0 
-0.554941 0.805202 0 0 0 0 
-0.554311 0.778934 0 0 0 0 
-0.553681 0.752667 0 0 0 0 
-0.553052 0.726399 0 0 0 0 
-0.53503 0.822676 0 0 0 0 
-0.5344 0.796408 0 0 0 0 
-0.53377 0.77014 0 0 0 0 
-0.533141 0.743873 0 0 0 0 
-0.514489 0.813881 0 0 0 0 
-0.513859 0.787614 0 0 0 0 
-0.51323 0.761346 0 0 0 0 
-0.493948 0.805087 0 0 0 0 
-0.493319 0.77882 0 0 0 0 
-0.473408 0.796293 0 0 0 0 
1 2 6
2 7 6
2 3 7
3 8 7
3 4 8
4 9 8
4 5 9
6 7 10
7 11 10
7 8 11
8 12 11
8 9 12
10 11 13
11 14 13
11 12 14
13 14 15
ZONE N=15, E=16, F=FEPOINT, ET=TRIANGLE
-0.634393 0.77301 0 0 0 0 
-0.632843 0.748955 0 0 0 0 
-0.631292 0.7249 0 0 0 0 
-0.629742 0.700845 0 0 0 0 
-0.628191 0.676789 0 0 0 0 
-0.614058 0.761358 0 0 0 0 
-0.612507 0.737302 0 0 0 0 
-0.610957 0.713247 0 0 0 0 
-0.609406 0.689192 0 0 0 0 
-0.593722 0.749705 0 0 0 0 
-0.592172 0.72565 0 0 0 0 
-0.590621 0.701594 0 0 0 0 
-0.573387 0.738052 0 0 0 0 
-0.571837 0.713997 0 0 0 0 
-0.553052 0.726399 0 0 0 0 
1 2 6
2 7 6
2 3 7
3 8 7
3 4 8
4 9 8
4 5 9
6 7 10
7 11 10
7 8 11
8 12 11
8 9 12
10 11 13
11 14 13
11 12 14
13 14 15
ZONE N=15, E=16, F=FEPOINT, ET=TRIANGLE
0.635905 0.688334 0 0 0 0 
0.653705 0.693027 0 0 0 0 
0.671506 0.69772 0 0 0 0 
0.689306 0.702414 0 0 0 0 
0.707107 0.707107 0 0 0 0 
0.635527 0.709503 0 0 0 0 
0.65353 0.714419 0 0 0 0 
0.671534 0.719334 0 0 0 0 
0.689541 0.724247 0 0 0 0 
0.635149 0.730672 0 0 0 0 
0.653352 0.735813 0 0 0 0 
0.671559 0.740951 0 0 0 0 
0.634771 0.751841 0 0 0 0 
0.653173 0.757209 0 0 0 0 
0.634393 0.77301 0 0 0 0 
1 2 6
2 7 6
2 3 7
3 8 7
3 4 8
4 9 8
4 5 9
6 7 10
7 11 10
7 8 11
8 12 11
8 9 12
10 11 13
11 14 13
11 12 14
13 14 15
ZONE N=15, E=16, F=FEPOINT, ET=TRIANGLE
0.562196 0.753598 0 0 0 0 
0.580623 0.737282 0 0 0 0 
0.599051 0.720966 0 0 0 0 
0.617478 0.70465 0 0 0 0 
0.635905 0.688334 0 0 0 0 
0.580246 0.758451 0 0 0 0 
0.598673 0.742135 0 0 0 0 
0.6171 0.725819 0 0 0 0 
0.635527 0.709503 0 0 0 0 
0.598295 0.763304 0 0 0 0 
0.616722 0.746988 0 0 0 0 
0.635149 0.730672 0 0 0 0 
0.616344 0.768157 0 0 0 0 
0.634771 0.751841 0 0 0 0 
0.634393 0.77301 0 0 0 0 
1 2 6
2 7 6
2 3 7
3 8 7
3 4 8
4 9 8
4 5 9
6 7 10
7 11 10
7 8 11
8 12 11
8 9 12
10 11 13
11 14 13
11 12 14
13 14 15
ZONE N=15, E=16, F=FEPOINT, ET=TRIANGLE
0.475955 0.800105 0 0 0 0 
0.497515 0.788479 0 0 0 0 
0.519076 0.776852 0 0 0 0 
0.540636 0.765225 0 0 0 0 
0.562196 0.753598 0 0 0 0 
0.495859 0.807946 0 0 0 0 
0.517419 0.79632 0 0 0 0 
0.53898 0.784693 0 0 0 0 
0.56054 0.773066 0 0 0 0 
0.515763 0.815787 0 0 0 0 
0.537323 0.804161 0 0 0 0 
0.558883 0.792534 0 0 0 0 
0.535666 0.823629 0 0 0 0 
0.557227 0.812002 0 0 0 0 
0.55557 0.83147 0 0 0 0 
1 2 6
2 7 6
2 3 7
3 8 7
3 4 8
4 9 8
4 5 9
6 7 10
7 11 10
7 8 11
8 12 11
8 9 12
10 11 13
11 14 13
11 12 14
13 14 15
ZONE N=15, E=16, F=FEPOINT, ET=TRIANGLE
0.95694 0.290285 0 0 0 0 
0.949528 0.313682 0 0 0 0 
0.941544 0.33689 0 0 0 0 
0.932993 0.359895 0 0 0 0 
0.92388 0.382683 0 0 0 0 
0.936172 0.282151 0 0 0 0 
0.928475 0.305451 0 0 0 0 
0.920208 0.328555 0 0 0 0 
0.911376 0.35145 0 0 0 0 
0.915404 0.274017 0 0 0 0 
0.907422 0.297218 0 0 0 0 
0.898873 0.320216 0 0 0 0 
0.894635 0.265883 0 0 0 0 
0.88637 0.288983 0 0 0 0 
0.873867 0.257749 0 0 0 0 
1 2 6
2 7 6
2 3 7
3 8 7
3 4 8
4 9 8
4 5 9
6 7 10
7 11 10
7 8 11
8 12 11
8 9 12
10 11 13
11 14 13
11 12 14
13 14 15
ZONE N=15, E=16, F=FEPOINT, ET=TRIANGLE
0.81312 -0.4169 0 0 0 0 
0.84081 -0.408346 0 0 0 0 
0.8685 -0.399792 0 0 0 0 
0.89619 -0.391238 0 0 0 0 
0.92388 -0.382683 0 0 0 0 
0.817968 -0.401548 0 0 0 0 
0.845658 -0.392994 0 0 0 0 
0.873348 -0.38444 0 0 0 0 
0.901037 -0.375886 0 0 0 0 
0.822816 -0.386197 0 0 0 0 
0.850505 -0.377642 0 0 0 0 
0.878195 -0.369088 0 0 0 0 
0.827663 -0.370845 0 0 0 0 
0.855353 -0.362291 0 0 0 0 
0.832511 -0.355493 0 0 0 0 
1 2 6
2 7 6
2 3 7
3 8 7
3 4 8
4 9 8
4 5 9
6 7 10
7 11 10
7 8 11
8 12 11
8 9 12
10 11 13
11 14 13
11 12 14
13 14 15
ZONE N=15, E=16, F=FEPOINT, ET=TRIANGLE
0.871798 -0.295601 0 0 0 0 
0.884819 -0.317371 0 0 0 0 
0.897839 -0.339142 0 0 0 0 
0.910859 -0.360913 0 0 0 0 
0.92388 -0.382683 0 0 0 0 
0.893084 -0.294272 0 0 0 0 
0.906388 -0.316144 0 0 0 0 
0.919691 -0.338018 0 0 0 0 
0.932993 -0.359895 0 0 0 0 
0.914369 -0.292943 0 0 0 0 
0.927958 -0.314914 0 0 0 0 
0.941544 -0.33689 0 0 0 0 
0.935655 -0.291614 0 0 0 0 
0.949528 -0.313682 0 0 0 0 
0.95694 -0.290285 0 0 0 0 
1 2 6
2 7 6
2 3 7
3 8 7
3 4 8
4 9 8
4 5 9
6 7 10
7 11 10
7 8 11
8 12 11
8 9 12
10 11 13
11 14 13
11 12 14
13 14 15
ZONE N=15, E=16, F=FEPOINT, ET=TRIANGLE
0.724766 -0.531131 0 0 0 0 
0.736827 -0.556947 0 0 0 0 
0.748888 -0.582762 0 0 0 0 
0.760949 -0.608578 0 0 0 0 
0.77301 -0.634393 0 0 0 0 
0.751442 -0.537241 0 0 0 0 
0.763745 -0.563236 0 0 0 0 
0.776047 -0.589233 0 0 0 0 
0.788346 -0.615232 0 0 0 0 
0.778118 -0.543351 0 0 0 0 
0.790664 -0.569523 0 0 0 0 
0.803208 -0.595699 0 0 0 0 
0.804794 -0.54946 0 0 0 0 
0.817585 -0.575808 0 0 0 0 
0.83147 -0.55557 0 0 0 0 
1 2 6
2 7 6
2 3 7
3 8 7
3 4 8
4 9 8
4 5 9
6 7 10
7 11 10
7 8 11
8 12 11
8 9 12
10 11 13
11 14 13
11 12 14
13 14 15
ZONE N=15, E=16, F=FEPOINT, ET=TRIANGLE
0.980785 -0.19509 0 0 0 0 
0.953973 -0.174775 0 0 0 0 
0.927161 -0.15446 0 0 0 0 
0.900349 -0.134144 0 0 0 0 
0.873536 -0.113829 0 0 0 0 
0.954815 -0.202356 0 0 0 0 
0.928002 -0.182041 0 0 0 0 
0.90119 -0.161726 0 0 0 0 
0.874378 -0.14141 0 0 0 0 
0.928844 -0.209623 0 0 0 0 
0.902032 -0.189307 0 0 0 0 
0.875219 -0.168992 0 0 0 0 
0.902873 -0.216889 0 0 0 0 
0.876061 -0.196573 0 0 0 0 
0.876902 -0.224155 0 0 0 0 
1 2 6
2 7 6
2 3 7
3 8 7
3 4 8
4 9 8
4 5 9
6 7 10
7 11 10
7 8 11
8 12 11
8 9 12
10 11 13
11 14 13
11 12 14
13 14 15
ZONE N=15, E=16, F=FEPOINT, ET=TRIANGLE
0.881921 -0.471397 0 0 0 0 
0.893224 -0.449611 0 0 0 0 
0.903989 -0.427555 0 0 0 0 
0.91421 -0.405241 0 0 0 0 
0.92388 -0.382683 0 0 0 0 
0.864721 -0.457773 0 0 0 0 
0.875754 -0.435854 0 0 0 0 
0.886246 -0.413671 0 0 0 0 
0.89619 -0.391238 0 0 0 0 
0.847521 -0.444148 0 0 0 0 
0.858283 -0.422099 0 0 0 0 
0.8685 -0.399792 0 0 0 0 
0.830321 -0.430524 0 0 0 0 
0.84081 -0.408346 0 0 0 0 
0.81312 -0.4169 0 0 0 0 
1 2 6
2 7 6
2 3 7
3 8 7
3 4 8
4 9 8
4 5 9
6 7 10
7 11 10
7 8 11
8 12 11
8 9 12
10 11 13
11 14 13
11 12 14
13 14 15
ZONE N=15, E=16, F=FEPOINT, ET=TRIANGLE
0.807765 -0.481073 0 0 0 0 
0.813691 -0.499698 0 0 0 0 
0.819618 -0.518322 0 0 0 0 
0.825544 -0.536946 0 0 0 0 
0.83147 -0.55557 0 0 0 0 
0.826304 -0.478654 0 0 0 0 
0.832489 -0.497433 0 0 0 0 
0.838672 -0.516214 0 0 0 0 
0.844854 -0.534998 0 0 0 0 
0.844843 -0.476235 0 0 0 0 
0.851287 -0.495167 0 0 0 0 
0.857729 -0.514103 0 0 0 0 
0.863382 -0.473816 0 0 0 0 
0.870087 -0.492898 0 0 0 0 
0.881921 -0.471397 0 0 0 0 
1 2 6
2 7 6
2 3 7
3 8 7
3 4 8
4 9 8
4 5 9
6 7 10
7 11 10
7 8 11
8 12 11
8 9 12
10 11 13
11 14 13
11 12 14
13 14 15
ZONE N=15, E=16, F=FEPOINT, ET=TRIANGLE
0.807765 -0.481073 0 0 0 0 
0.826304 -0.478654 0 0 0 0 
0.844843 -0.476235 0 0 0 0 
0.863382 -0.473816 0 0 0 0 
0.881921 -0.471397 0 0 0 0 
0.809104 -0.46503 0 0 0 0 
0.827643 -0.462611 0 0 0 0 
0.846182 -0.460192 0 0 0 0 
0.864721 -0.457773 0 0 0 0 
0.810443 -0.448987 0 0 0 0 
0.828982 -0.446568 0 0 0 0 
0.847521 -0.444148 0 0 0 0 
0.811782 -0.432944 0 0 0 0 
0.830321 -0.430524 0 0 0 0 
0.81312 -0.4169 0 0 0 0 
1 2 6
2 7 6
2 3 7
3 8 7
3 4 8
4 9 8
4 5 9
6 7 10
7 11 10
7 8 11
8 12 11
8 9 12
10 11 13
11 14 13
11 12 14
13 14 15
ZONE N=15, E=16, F=FEPOINT, ET=TRIANGLE
0.871798 -0.295601 0 0 0 0 
0.893084 -0.294272 0 0 0 0 
0.914369 -0.292943 0 0 0 0 
0.935655 -0.291614 0 0 0 0 
0.95694 -0.290285 0 0 0 0 
0.873074 -0.277739 0 0 0 0 
0.89436 -0.27641 0 0 0 0 
0.915645 -0.275081 0 0 0 0 
0.936931 -0.273752 0 0 0 0 
0.87435 -0.259878 0 0 0 0 
0.895636 -0.258549 0 0 0 0 
0.916921 -0.25722 0 0 0 0 
0.875626 -0.242016 0 0 0 0 
0.896912 -0.240687 0 0 0 0 
0.876902 -0.224155 0 0 0 0 
1 2 6
2 7 6
2 3 7
3 8 7
3 4 8
4 9 8
4 5 9
6 7 10
7 11 10
7 8 11
8 12 11
8 9 12
10 11 13
11 14 13
11 12 14
13 14 15
ZONE N=15, E=16, F=FEPOINT, ET=TRIANGLE
0.676242 -0.600329 0 0 0 0 
0.683958 -0.627024 0 0 0 0 
0.691674 -0.653718 0 0 0 0 
0.699391 -0.680412 0 0 0 0 
0.707107 -0.707107 0 0 0 0 
0.700434 -0.608845 0 0 0 0 
0.708373 -0.635742 0 0 0 0 
0.716311 -0.66264 0 0 0 0 
0.724247 -0.689541 0 0 0 0 
0.724626 -0.617361 0 0 0 0 
0.73279 -0.644458 0 0 0 0 
0.740951 -0.671559 0 0 0 0 
0.748818 -0.625877 0 0 0 0 
0.757209 -0.653173 0 0 0 0 
0.77301 -0.634393 0 0 0 0 
1 2 6
2 7 6
2 3 7
3 8 7
3 4 8
4 9 8
4 5 9
6 7 10
7 11 10
7 8 11
8 12 11
8 9 12
10 11 13
11 14 13
11 12 14
13 14 15
ZONE N=15, E=16, F=FEPOINT, ET=TRIANGLE
0.639518 -0.693741 0 0 0 0 
0.638237 -0.713558 0 0 0 0 
0.636956 -0.733376 0 0 0 0 
0.635674 -0.753193 0 0 0 0 
0.634393 -0.77301 0 0 0 0 
0.656415 -0.697082 0 0 0 0 
0.655336 -0.717123 0 0 0 0 
0.654255 -0.737165 0 0 0 0 
0.653173 -0.757209 0 0 0 0 
0.673312 -0.700424 0 0 0 0 
0.672437 -0.720686 0 0 0 0 
0.671559 -0.740951 0 0 0 0 
0.69021 -0.703765 0 0 0 0 
0.689541 -0.724247 0 0 0 0 
0.707107 -0.707107 0 0 0 0 
1 2 6
2 7 6
2 3 7
3 8 7
3 4 8
4 9 8
4 5 9
6 7 10
7 11 10
7 8 11
8 12 11
8 9 12
10 11 13
11 14 13
11 12 14
13 14 15
ZONE N=15, E=16, F=FEPOINT, ET=TRIANGLE
0.545997 -0.729355 0 0 0 0 
0.548391 -0.754883 0 0 0 0 
0.550784 -0.780412 0 0 0 0 
0.553177 -0.805941 0 0 0 0 
0.55557 -0.83147 0 0 0 0 
0.568096 -0.740269 0 0 0 0 
0.570669 -0.766039 0 0 0 0 
0.57324 -0.791811 0 0 0 0 
0.575808 -0.817585 0 0 0 0 
0.590195 -0.751183 0 0 0 0 
0.592949 -0.777194 0 0 0 0 
0.595699 -0.803208 0 0 0 0 
0.612294 -0.762097 0 0 0 0 
0.615232 -0.788346 0 0 0 0 
0.634393 -0.77301 0 0 0 0 
1 2 6
2 7 6
2 3 7
3 8 7
3 4 8
4 9 8
4 5 9
6 7 10
7 11 10
7 8 11
8 12 11
8 9 12
10 11 13
11 14 13
11 12 14
13 14 15
ZONE N=15, E=16, F=FEPOINT, ET=TRIANGLE
0.55557 -0.83147 0 0 0 0 
0.533462 -0.82033 0 0 0 0 
0.511354 -0.80919 0 0 0 0 
0.489246 -0.79805 0 0 0 0 
0.467139 -0.786911 0 0 0 0 
0.534998 -0.844854 0 0 0 0 
0.512731 -0.833458 0 0 0 0 
0.490466 -0.822061 0 0 0 0 
0.468203 -0.810663 0 0 0 0 
0.514103 -0.857729 0 0 0 0 
0.491683 -0.846074 0 0 0 0 
0.469268 -0.834416 0 0 0 0 
0.492898 -0.870087 0 0 0 0 
0.470332 -0.858169 0 0 0 0 
0.471397 -0.881921 0 0 0 0 
1 2 6
2 7 6
2 3 7
3 8 7
3 4 8
4 9 8
4 5 9
6 7 10
7 11 10
7 8 11
8 12 11
8 9 12
10 11 13
11 14 13
11 12 14
13 14 15
ZONE N=15, E=16, F=FEPOINT, ET=TRIANGLE
0.920545 -0.0650585 0 0 0 0 
0.908793 -0.0772511 0 0 0 0 
0.897041 -0.0894437 0 0 0 0 
0.885289 -0.101636 0 0 0 0 
0.873536 -0.113829 0 0 0 0 
0.939205 -0.0732982 0 0 0 0 
0.927453 -0.0854908 0 0 0 0 
0.915701 -0.0976834 0 0 0 0 
0.903949 -0.109876 0 0 0 0 
0.957865 -0.0815378 0 0 0 0 
0.946113 -0.0937304 0 0 0 0 
0.934361 -0.105923 0 0 0 0 
0.976525 -0.0897775 0 0 0 0 
0.964773 -0.10197 0 0 0 0 
0.995185 -0.0980171 0 0 0 0 
1 2 6
2 7 6
2 3 7
3 8 7
3 4 8
4 9 8
4 5 9
6 7 10
7 11 10
7 8 11
8 12 11
8 9 12
10 11 13
11 14 13
11 12 14
13 14 15
ZONE N=15, E=16, F=FEPOINT, ET=TRIANGLE
0.995185 -0.0980171 0 0 0 0 
0.99729 -0.0735646 0 0 0 0 
0.998795 -0.0490677 0 0 0 0 
0.999699 -0.0245412 0 0 0 0 
1 -2.498e-16 0 0 0 0 
0.976525 -0.0897775 0 0 0 0 
0.97833 -0.0653052 0 0 0 0 
0.979534 -0.040796 0 0 0 0 
0.980136 -0.0162646 0 0 0 0 
0.957865 -0.0815378 0 0 0 0 
0.959369 -0.0570483 0 0 0 0 
0.960272 -0.0325293 0 0 0 0 
0.939205 -0.0732982 0 0 0 0 
0.940409 -0.0487939 0 0 0 0 
0.920545 -0.0650585 0 0 0 0 
1 2 6
2 7 6
2 3 7
3 8 7
3 4 8
4 9 8
4 5 9
6 7 10
7 11 10
7 8 11
8 12 11
8 9 12
10 11 13
11 14 13
11 12 14
13 14 15
ZONE N=15, E=16, F=FEPOINT, ET=TRIANGLE
0.980785 0.19509 0 0 0 0 
0.975702 0.219101 0 0 0 0 
0.970031 0.24298 0 0 0 0 
0.963776 0.266713 0 0 0 0 
0.95694 0.290285 0 0 0 0 
0.959935 0.195651 0 0 0 0 
0.954559 0.219594 0 0 0 0 
0.948596 0.243397 0 0 0 0 
0.942052 0.267047 0 0 0 0 
0.939085 0.196212 0 0 0 0 
0.933416 0.220084 0 0 0 0 
0.927163 0.243809 0 0 0 0 
0.918235 0.196773 0 0 0 0 
0.912274 0.220572 0 0 0 0 
0.897385 0.197334 0 0 0 0 
1 2 6
2 7 6
2 3 7
3 8 7
3 4 8
4 9 8
4 5 9
6 7 10
7 11 10
7 8 11
8 12 11
8 9 12
10 11 13
11 14 13
11 12 14
13 14 15
ZONE N=15, E=16, F=FEPOINT, ET=TRIANGLE
0.290285 -0.95694 0 0 0 0 
0.274897 -0.942686 0 0 0 0 
0.259509 -0.928432 0 0 0 0 
0.244122 -0.914178 0 0 0 0 
0.228734 -0.899924 0 0 0 0 
0.266713 -0.963776 0 0 0 0 
0.251247 -0.949231 0 0 0 0 
0.235784 -0.934686 0 0 0 0 
0.220323 -0.920139 0 0 0 0 
0.24298 -0.970031 0 0 0 0 
0.227444 -0.955194 0 0 0 0 
0.211912 -0.940355 0 0 0 0 
0.219101 -0.975702 0 0 0 0 
0.203501 -0.96057 0 0 0 0 
0.19509 -0.980785 0 0 0 0 
1 2 6
2 7 6
2 3 7
3 8 7
3 4 8
4 9 8
4 5 9
6 7 10
7 11 10
7 8 11
8 12 11
8 9 12
10 11 13
11 14 13
11 12 14
13 14 15
ZONE N=15, E=16, F=FEPOINT, ET=TRIANGLE
0.55557 -0.83147 0 0 0 0 
0.553177 -0.805941 0 0 0 0 
0.550784 -0.780412 0 0 0 0 
0.548391 -0.754883 0 0 0 0 
0.545997 -0.729355 0 0 0 0 
0.533462 -0.82033 0 0 0 0 
0.531069 -0.794801 0 0 0 0 
0.528676 -0.769272 0 0 0 0 
0.526283 -0.743744 0 0 0 0 
0.511354 -0.80919 0 0 0 0 
0.508961 -0.783661 0 0 0 0 
0.506568 -0.758133 0 0 0 0 
0.489246 -0.79805 0 0 0 0 
0.486853 -0.772522 0 0 0 0 
0.467139 -0.786911 0 0 0 0 
1 2 6
2 7 6
2 3 7
3 8 7
3 4 8
4 9 8
4 5 9
6 7 10
7 11 10
7 8 11
8 12 11
8 9 12
10 11 13
11 14 13
11 12 14
13 14 15
ZONE N=15, E=16, F=FEPOINT, ET=TRIANGLE
0.228734 -0.899924 0 0 0 0 
0.244122 -0.914178 0 0 0 0 
0.259509 -0.928432 0 0 0 0 
0.274897 -0.942686 0 0 0 0 
0.290285 -0.95694 0 0 0 0 
0.250885 -0.88809 0 0 0 0 
0.266273 -0.902344 0 0 0 0 
0.281661 -0.916598 0 0 0 0 
0.297048 -0.930852 0 0 0 0 
0.273037 -0.876256 0 0 0 0 
0.288424 -0.89051 0 0 0 0 
0.303812 -0.904764 0 0 0 0 
0.295188 -0.864422 0 0 0 0 
0.310575 -0.878676 0 0 0 0 
0.317339 -0.852588 0 0 0 0 
1 2 6
2 7 6
2 3 7
3 8 7
3 4 8
4 9 8
4 5 9
6 7 10
7 11 10
7 8 11
8 12 11
8 9 12
10 11 13
11 14 13
11 12 14
13 14 15
ZONE N=15, E=16, F=FEPOINT, ET=TRIANGLE
0.133552 -0.921411 0 0 0 0 
0.124668 -0.939854 0 0 0 0 
0.115785 -0.958298 0 0 0 0 
0.106901 -0.976741 0 0 0 0 
0.0980171 -0.995185 0 0 0 0 
0.148937 -0.936255 0 0 0 0 
0.140097 -0.954996 0 0 0 0 
0.131255 -0.973738 0 0 0 0 
0.122411 -0.99248 0 0 0 0 
0.164321 -0.951098 0 0 0 0 
0.155528 -0.970137 0 0 0 0 
0.14673 -0.989177 0 0 0 0 
0.179706 -0.965942 0 0 0 0 
0.170962 -0.985278 0 0 0 0 
0.19509 -0.980785 0 0 0 0 
1 2 6
2 7 6
2 3 7
3 8 7
3 4 8
4 9 8
4 5 9
6 7 10
7 11 10
7 8 11
8 12 11
8 9 12
10 11 13
11 14 13
11 12 14
13 14 15
ZONE N=15, E=16, F=FEPOINT, ET=TRIANGLE
0.19509 -0.980785 0 0 0 0 
0.203501 -0.96057 0 0 0 0 
0.211912 -0.940355 0 0 0 0 
0.220323 -0.920139 0 0 0 0 
0.228734 -0.899924 0 0 0 0 
0.179706 -0.965942 0 0 0 0 
0.188117 -0.945726 0 0 0 0 
0.196528 -0.925511 0 0 0 0 
0.204939 -0.905296 0 0 0 0 
0.164321 -0.951098 0 0 0 0 
0.172732 -0.930883 0 0 0 0 
0.181143 -0.910668 0 0 0 0 
0.148937 -0.936255 0 0 0 0 
0.157347 -0.916039 0 0 0 0 
0.133552 -0.921411 0 0 0 0 
1 2 6
2 7 6
2 3 7
3 8 7
3 4 8
4 9 8
4 5 9
6 7 10
7 11 10
7 8 11
8 12 11
8 9 12
10 11 13
11 14 13
11 12 14
13 14 15
ZONE N=15, E=16, F=FEPOINT, ET=TRIANGLE
0.0980171 -0.995185 0 0 0 0 
0.0827437 -0.970583 0 0 0 0 
0.0674703 -0.945981 0 0 0 0 
0.0521969 -0.921379 0 0 0 0 
0.0369235 -0.896776 0 0 0 0 
0.0735646 -0.99729 0 0 0 0 
0.0582714 -0.972388 0 0 0 0 
0.0429808 -0.947485 0 0 0 0 
0.0276926 -0.922582 0 0 0 0 
0.0490677 -0.998795 0 0 0 0 
0.0337622 -0.973592 0 0 0 0 
0.0184617 -0.948388 0 0 0 0 
0.0245412 -0.999699 0 0 0 0 
0.00923086 -0.974194 0 0 0 0 
-1.80411e-16 -1 0 0 0 0 
1 2 6
2 7 6
2 3 7
3 8 7
3 4 8
4 9 8
4 5 9
6 7 10
7 11 10
7 8 11
8 12 11
8 9 12
10 11 13
11 14 13
11 12 14
13 14 15
ZONE N=15, E=16, F=FEPOINT, ET=TRIANGLE
-0.0451974 -0.913953 0 0 0 0 
-0.0664131 -0.911429 0 0 0 0 
-0.0876288 -0.908905 0 0 0 0 
-0.108844 -0.906381 0 0 0 0 
-0.13006 -0.903857 0 0 0 0 
-0.0584023 -0.934261 0 0 0 0 
-0.079618 -0.931737 0 0 0 0 
-0.100834 -0.929213 0 0 0 0 
-0.122049 -0.926689 0 0 0 0 
-0.0716072 -0.954569 0 0 0 0 
-0.092823 -0.952045 0 0 0 0 
-0.114039 -0.949521 0 0 0 0 
-0.0848122 -0.974877 0 0 0 0 
-0.106028 -0.972353 0 0 0 0 
-0.0980171 -0.995185 0 0 0 0 
1 2 6
2 7 6
2 3 7
3 8 7
3 4 8
4 9 8
4 5 9
6 7 10
7 11 10
7 8 11
8 12 11
8 9 12
10 11 13
11 14 13
11 12 14
13 14 15
ZONE N=15, E=16, F=FEPOINT, ET=TRIANGLE
-0.0980171 -0.995185 0 0 0 0 
-0.0735646 -0.99729 0 0 0 0 
-0.0490677 -0.998795 0 0 0 0 
-0.0245412 -0.999699 0 0 0 0 
-1.80411e-16 -1 0 0 0 0 
-0.0848122 -0.974877 0 0 0 0 
-0.0603399 -0.976682 0 0 0 0 
-0.0358307 -0.977886 0 0 0 0 
-0.0112993 -0.978488 0 0 0 0 
-0.0716072 -0.954569 0 0 0 0 
-0.0471177 -0.956073 0 0 0 0 
-0.0225987 -0.956976 0 0 0 0 
-0.0584023 -0.934261 0 0 0 0 
-0.033898 -0.935465 0 0 0 0 
-0.0451974 -0.913953 0 0 0 0 
1 2 6
2 7 6
2 3 7
3 8 7
3 4 8
4 9 8
4 5 9
6 7 10
7 11 10
7 8 11
8 12 11
8 9 12
10 11 13
11 14 13
11 12 14
13 14 15
ZONE N=15, E=16, F=FEPOINT, ET=TRIANGLE
-1.83697e-16 -1 0 0 0 0 
0.00923086 -0.974194 0 0 0 0 
0.0184617 -0.948388 0 0 0 0 
0.0276926 -0.922582 0 0 0 0 
0.0369235 -0.896776 0 0 0 0 
-0.0112993 -0.978488 0 0 0 0 
-0.00206847 -0.952682 0 0 0 0 
0.00716239 -0.926876 0 0 0 0 
0.0163933 -0.901071 0 0 0 0 
-0.0225987 -0.956976 0 0 0 0 
-0.0133678 -0.931171 0 0 0 0 
-0.00413695 -0.905365 0 0 0 0 
-0.033898 -0.935465 0 0 0 0 
-0.0246671 -0.909659 0 0 0 0 
-0.0451974 -0.913953 0 0 0 0 
1 2 6
2 7 6
2 3 7
3 8 7
3 4 8
4 9 8
4 5 9
6 7 10
7 11 10
7 8 11
8 12 11
8 9 12
10 11 13
11 14 13
11 12 14
13 14 15
ZONE N=15, E=16, F=FEPOINT, ET=TRIANGLE
-0.19509 -0.980785 0 0 0 0 
-0.178833 -0.961553 0 0 0 0 
-0.162575 -0.942321 0 0 0 0 
-0.146318 -0.923089 0 0 0 0 
-0.13006 -0.903857 0 0 0 0 
-0.199517 -0.94054 0 0 0 0 
-0.183259 -0.921308 0 0 0 0 
-0.167002 -0.902075 0 0 0 0 
-0.150744 -0.882843 0 0 0 0 
-0.203944 -0.900294 0 0 0 0 
-0.187686 -0.881062 0 0 0 0 
-0.171429 -0.86183 0 0 0 0 
-0.20837 -0.860049 0 0 0 0 
-0.192113 -0.840816 0 0 0 0 
-0.212797 -0.819803 0 0 0 0 
1 2 6
2 7 6
2 3 7
3 8 7
3 4 8
4 9 8
4 5 9
6 7 10
7 11 10
7 8 11
8 12 11
8 9 12
10 11 13
11 14 13
11 12 14
13 14 15
ZONE N=15, E=16, F=FEPOINT, ET=TRIANGLE
-0.13006 -0.903857 0 0 0 0 
-0.146318 -0.923089 0 0 0 0 
-0.162575 -0.942321 0 0 0 0 
-0.178833 -0.961553 0 0 0 0 
-0.19509 -0.980785 0 0 0 0 
-0.122049 -0.926689 0 0 0 0 
-0.138351 -0.946219 0 0 0 0 
-0.154655 -0.965748 0 0 0 0 
-0.170962 -0.985278 0 0 0 0 
-0.114039 -0.949521 0 0 0 0 
-0.130382 -0.969349 0 0 0 0 
-0.14673 -0.989177 0 0 0 0 
-0.106028 -0.972353 0 0 0 0 
-0.122411 -0.99248 0 0 0 0 
-0.0980171 -0.995185 0 0 0 0 
1 2 6
2 7 6
2 3 7
3 8 7
3 4 8
4 9 8
4 5 9
6 7 10
7 11 10
7 8 11
8 12 11
8 9 12
10 11 13
11 14 13
11 12 14
13 14 15
ZONE N=15, E=16, F=FEPOINT, ET=TRIANGLE
-0.798451 -0.47485 0 0 0 0 
-0.803567 -0.451383 0 0 0 0 
-0.808682 -0.427917 0 0 0 0 
-0.813797 -0.40445 0 0 0 0 
-0.818913 -0.380984 0 0 0 0 
-0.819319 -0.473987 0 0 0 0 
-0.824434 -0.45052 0 0 0 0 
-0.829549 -0.427053 0 0 0 0 
-0.834665 -0.403587 0 0 0 0 
-0.840186 -0.473123 0 0 0 0 
-0.845302 -0.449657 0 0 0 0 
-0.850417 -0.42619 0 0 0 0 
-0.861054 -0.47226 0 0 0 0 
-0.866169 -0.448793 0 0 0 0 
-0.881921 -0.471397 0 0 0 0 
1 2 6
2 7 6
2 3 7
3 8 7
3 4 8
4 9 8
4 5 9
6 7 10
7 11 10
7 8 11
8 12 11
8 9 12
10 11 13
11 14 13
11 12 14
13 14 15
ZONE N=15, E=16, F=FEPOINT, ET=TRIANGLE
-0.83147 -0.55557 0 0 0 0 
-0.808273 -0.554735 0 0 0 0 
-0.785076 -0.5539 0 0 0 0 
-0.761879 -0.553065 0 0 0 0 
-0.738683 -0.55223 0 0 0 0 
-0.823215 -0.53539 0 0 0 0 
-0.800018 -0.534555 0 0 0 0 
-0.776822 -0.53372 0 0 0 0 
-0.753625 -0.532885 0 0 0 0 
-0.814961 -0.51521 0 0 0 0 
-0.791764 -0.514375 0 0 0 0 
-0.768567 -0.51354 0 0 0 0 
-0.806706 -0.49503 0 0 0 0 
-0.783509 -0.494195 0 0 0 0 
-0.798451 -0.47485 0 0 0 0 
1 2 6
2 7 6
2 3 7
3 8 7
3 4 8
4 9 8
4 5 9
6 7 10
7 11 10
7 8 11
8 12 11
8 9 12
10 11 13
11 14 13
11 12 14
13 14 15
ZONE N=15, E=16, F=FEPOINT, ET=TRIANGLE
0.634393 -0.77301 0 0 0 0 
0.635674 -0.753193 0 0 0 0 
0.636956 -0.733376 0 0 0 0 
0.638237 -0.713558 0 0 0 0 
0.639518 -0.693741 0 0 0 0 
0.612294 -0.762097 0 0 0 0 
0.613575 -0.742279 0 0 0 0 
0.614857 -0.722462 0 0 0 0 
0.616138 -0.702644 0 0 0 0 
0.590195 -0.751183 0 0 0 0 
0.591477 -0.731365 0 0 0 0 
0.592758 -0.711548 0 0 0 0 
0.568096 -0.740269 0 0 0 0 
0.569378 -0.720451 0 0 0 0 
0.545997 -0.729355 0 0 0 0 
1 2 6
2 7 6
2 3 7
3 8 7
3 4 8
4 9 8
4 5 9
6 7 10
7 11 10
7 8 11
8 12 11
8 9 12
10 11 13
11 14 13
11 12 14
13 14 15
ZONE N=15, E=16, F=FEPOINT, ET=TRIANGLE
0.707107 -0.707107 0 0 0 0 
0.699391 -0.680412 0 0 0 0 
0.691674 -0.653718 0 0 0 0 
0.683958 -0.627024 0 0 0 0 
0.676242 -0.600329 0 0 0 0 
0.69021 -0.703765 0 0 0 0 
0.682493 -0.677071 0 0 0 0 
0.674777 -0.650377 0 0 0 0 
0.667061 -0.623682 0 0 0 0 
0.673312 -0.700424 0 0 0 0 
0.665596 -0.67373 0 0 0 0 
0.65788 -0.647035 0 0 0 0 
0.656415 -0.697082 0 0 0 0 
0.648699 -0.670388 0 0 0 0 
0.639518 -0.693741 0 0 0 0 
1 2 6
2 7 6
2 3 7
3 8 7
3 4 8
4 9 8
4 5 9
6 7 10
7 11 10
7 8 11
8 12 11
8 9 12
10 11 13
11 14 13
11 12 14
13 14 15
ZONE N=15, E=16, F=FEPOINT, ET=TRIANGLE
0.317339 -0.852588 0 0 0 0 
0.333675 -0.870411 0 0 0 0 
0.350011 -0.888234 0 0 0 0 
0.366347 -0.906057 0 0 0 0 
0.382683 -0.92388 0 0 0 0 
0.336435 -0.847957 0 0 0 0 
0.352772 -0.865779 0 0 0 0 
0.369108 -0.883602 0 0 0 0 
0.385444 -0.901425 0 0 0 0 
0.355532 -0.843325 0 0 0 0 
0.371868 -0.861148 0 0 0 0 
0.388204 -0.87897 0 0 0 0 
0.374629 -0.838693 0 0 0 0 
0.390965 -0.856516 0 0 0 0 
0.393725 -0.834061 0 0 0 0 
1 2 6
2 7 6
2 3 7
3 8 7
3 4 8
4 9 8
4 5 9
6 7 10
7 11 10
7 8 11
8 12 11
8 9 12
10 11 13
11 14 13
11 12 14
13 14 15
ZONE N=15, E=16, F=FEPOINT, ET=TRIANGLE
0.471397 -0.881921 0 0 0 0 
0.470332 -0.858169 0 0 0 0 
0.469268 -0.834416 0 0 0 0 
0.468203 -0.810663 0 0 0 0 
0.467139 -0.786911 0 0 0 0 
0.451979 -0.869956 0 0 0 0 
0.450914 -0.846204 0 0 0 0 
0.44985 -0.822451 0 0 0 0 
0.448785 -0.798698 0 0 0 0 
0.432561 -0.857991 0 0 0 0 
0.431496 -0.834239 0 0 0 0 
0.430432 -0.810486 0 0 0 0 
0.413143 -0.846026 0 0 0 0 
0.412079 -0.822274 0 0 0 0 
0.393725 -0.834061 0 0 0 0 
1 2 6
2 7 6
2 3 7
3 8 7
3 4 8
4 9 8
4 5 9
6 7 10
7 11 10
7 8 11
8 12 11
8 9 12
10 11 13
11 14 13
11 12 14
13 14 15
