-1 0 1.76738e-06 0.00991996 1.47489e-09 -8.51924e-07 -1.04181e-09 7.52992e-07 0 0 16.188 0 0 -0.000255555
-0.5 0.005 4.38084e-05 0.00689646 -1.18818e-09 -2.13306e-07 9.56166e-10 4.61969e-08 0.000183979 0.0699172 11.7789 -1.72099e-09 -3.93706e-07 9.80725e-05
0 0.01 7.0732e-05 0.00387297 -6.58161e-10 4.25313e-07 -5.79838e-10 -6.60598e-07 0.000662429 0.117789 7.36972 -9.90166e-10 9.80725e-07 0.0004517
0.5 0.015 8.25381e-05 0.000849469 3.06495e-09 1.06393e-06 -5.64982e-09 -1.36739e-06 0.00132512 0.143614 2.96058 1.10332e-08 4.1233e-06 0.000805328
1 0.02 7.92267e-05 -0.00217403 9.98116e-09 1.70255e-06 -1.42538e-08 -2.07419e-06 0.00206183 0.147394 -1.44856 4.31897e-08 9.034e-06 0.00115896
-1 0.02 7.92267e-05 -0.000876027 9.98116e-09 -2.0809e-06 -1.42538e-08 3.33114e-06 0.00206183 0.147394 1.04091 4.31897e-08 9.034e-06 -0.00187623
-0.5 0.025 7.35418e-05 -0.00139791 1.75157e-08 5.09472e-06 -3.17142e-08 -1.03153e-05 0.00281037 0.151733 0.694677 9.36382e-08 1.68917e-05 0.00501929
0 0.03 6.52475e-05 -0.0019198 6.09283e-08 1.22703e-05 -1.17407e-07 -2.39618e-05 0.00357628 0.154341 0.348447 2.69569e-07 5.92269e-05 0.0119148
0.5 0.035 5.43438e-05 -0.00244169 1.40219e-07 1.9446e-05 -2.71332e-07 -3.76082e-05 0.0043509 0.155218 0.00221667 7.43369e-07 0.00013604 0.0188103
1 0.04 4.08306e-05 -0.00296358 2.55388e-07 2.66216e-05 -4.93489e-07 -5.12547e-05 0.00512557 0.154363 -0.344014 1.68743e-06 0.00024733 0.0257058
-1 0.04 4.08306e-05 -0.00271663 2.55388e-07 3.12614e-05 -4.93489e-07 -4.65384e-05 0.00512557 0.154363 -0.244915 1.68743e-06 0.00024733 0.0208015
-0.5 0.045 2.72178e-05 -0.0027285 4.33871e-07 4.01317e-05 -8.39836e-07 -9.20001e-05 0.00589414 0.153024 -0.291028 3.29444e-06 0.000417544 0.0472842
0 0.05 1.35456e-05 -0.00274038 6.56705e-07 4.9002e-05 -1.41349e-06 -0.000137462 0.00665542 0.151453 -0.337141 6.08356e-06 0.000720172 0.0737668
0.5 0.055 -1.85958e-07 -0.00275225 9.2389e-07 5.78722e-05 -2.21445e-06 -0.000182924 0.00740828 0.149652 -0.383255 1.07168e-05 0.00115521 0.100249
1 0.06 -1.39769e-05 -0.00276413 1.23543e-06 6.67425e-05 -3.24273e-06 -0.000228385 0.00815156 0.147621 -0.429368 1.78564e-05 0.00172267 0.126732
-1 0.06 -1.39769e-05 -0.00271563 1.23543e-06 8.60372e-05 -3.24273e-06 -0.000218367 0.00815156 0.147621 -0.411302 1.78564e-05 0.00172267 0.123311
-0.5 0.065 -2.74021e-05 -0.00265443 1.58919e-06 5.54682e-05 -4.5296e-06 -0.000296383 0.00888455 0.145581 -0.404333 2.82591e-05 0.002488 0.182824
0 0.07 -4.05213e-05 -0.00259324 1.79011e-06 2.48993e-05 -6.20655e-06 -0.000374399 0.00960743 0.143577 -0.397364 4.32323e-05 0.00355091 0.242337
0.5 0.075 -5.33345e-05 -0.00253205 1.83818e-06 -5.66964e-06 -8.27359e-06 -0.000452414 0.0103204 0.141608 -0.390395 6.42641e-05 0.00491137 0.30185
1 0.08 -6.58417e-05 -0.00247086 1.73341e-06 -3.62386e-05 -1.07307e-05 -0.00053043 0.0110236 0.139673 -0.383426 9.2842e-05 0.00656941 0.361363
-1 0.08 -6.58417e-05 -0.00246234 1.73341e-06 -3.30376e-06 -1.07307e-05 -0.000508834 0.0110236 0.139673 -0.378703 9.2842e-05 0.00656941 0.361598
-0.5 0.085 -7.80168e-05 -0.0024077 1.35255e-06 -0.000149043 -1.34997e-05 -0.000598771 0.0117173 0.137818 -0.363412 0.000130636 0.00863341 0.464003
0 0.09 -8.99187e-05 -0.00235305 2.42981e-07 -0.000294783 -1.67184e-05 -0.000688708 0.0124019 0.136039 -0.348121 0.000180029 0.0112094 0.566408
0.5 0.095 -0.000101547 -0.00229841 -1.59528e-06 -0.000440522 -2.03868e-05 -0.000778646 0.0130778 0.134337 -0.33283 0.000243583 0.0142975 0.668814
1 0.1 -0.000112903 -0.00224377 -4.16224e-06 -0.000586262 -2.45049e-05 -0.000868583 0.0137454 0.132711 -0.317539 0.000323858 0.0178976 0.771219
-1 0.1 -0.000112903 -0.00224351 -4.16224e-06 -0.000544319 -2.45049e-05 -0.000833501 0.0137454 0.132711 -0.31602 0.000323858 0.0178976 0.775992
-0.5 0.105 -0.000124026 -0.00220574 -7.78291e-06 -0.000903948 -2.88405e-05 -0.000900746 0.014405 0.131166 -0.301755 0.000423671 0.0221526 0.926001
0 0.11 -0.00013496 -0.00216796 -1.32017e-05 -0.00126358 -3.35123e-05 -0.000967991 0.0150572 0.129693 -0.287491 0.000546633 0.0271576 1.07601
0.5 0.115 -0.000145706 -0.00213019 -2.04187e-05 -0.00162321 -3.85204e-05 -0.00103524 0.0157021 0.128292 -0.273226 0.000696497 0.0329127 1.22602
1 0.12 -0.000156262 -0.00209241 -2.94338e-05 -0.00198284 -4.38647e-05 -0.00110248 0.0163402 0.126961 -0.258962 0.00087701 0.0394178 1.37603
-1 0.12 -0.000156262 -0.00209359 -2.94338e-05 -0.00193714 -4.38647e-05 -0.00105483 0.0163402 0.126961 -0.258397 0.00087701 0.0394178 1.38541
-0.5 0.125 -0.000166671 -0.00207011 -4.08234e-05 -0.00261872 -4.91496e-05 -0.00105914 0.0169718 0.125698 -0.246754 0.00109224 0.0468378 1.58259
0 0.13 -0.000176963 -0.00204663 -5.5621e-05 -0.0033003 -5.44561e-05 -0.00106344 0.0175973 0.124494 -0.23511 0.00134703 0.0552436 1.77976
0.5 0.135 -0.000187138 -0.00202316 -7.38265e-05 -0.00398188 -5.9784e-05 -0.00106775 0.0182168 0.123347 -0.223467 0.00164632 0.0646354 1.97693
1 0.14 -0.000197195 -0.00199968 -9.54398e-05 -0.00466346 -6.51336e-05 -0.00107206 0.0188308 0.122259 -0.211823 0.00199503 0.0750129 2.1741
-1 0.14 -0.000197195 -0.00200083 -9.54398e-05 -0.00461877 -6.51336e-05 -0.00101415 0.0188308 0.122259 -0.211589 0.00199503 0.0750129 2.18766
-0.5 0.145 -0.000207166 -0.00198772 -0.000121305 -0.00572721 -6.99602e-05 -0.000916493 0.0194395 0.121224 -0.202392 0.00239844 0.0865497 2.42704
0 0.15 -0.000217072 -0.0019746 -0.000152712 -0.00683564 -7.42985e-05 -0.000818834 0.0200432 0.120235 -0.193195 0.00286252 0.0992833 2.66641
0.5 0.155 -0.000226912 -0.00196149 -0.000189661 -0.00794407 -7.81485e-05 -0.000721175 0.0206419 0.119292 -0.183999 0.00339326 0.113214 2.90579
1 0.16 -0.000236687 -0.00194837 -0.000232153 -0.00905251 -8.15102e-05 -0.000623516 0.0212361 0.118395 -0.174802 0.00399665 0.128341 3.14517
-1 0.16 -0.000236687 -0.00194926 -0.000232153 -0.00901274 -8.15102e-05 -0.000558292 0.0212361 0.118395 -0.174696 0.00399665 0.128341 3.16216
-0.5 0.165 -0.000246418 -0.00194335 -0.000281283 -0.0106395 -8.37207e-05 -0.000325892 0.021826 0.11754 -0.167454 0.00467902 0.144834 3.43513
0 0.17 -0.00025612 -0.00193745 -0.000338547 -0.0122662 -8.47691e-05 -9.34916e-05 0.0224116 0.11672 -0.160212 0.00544727 0.162692 3.70809
0.5 0.175 -0.000265793 -0.00193155 -0.000403945 -0.0138929 -8.46556e-05 0.000138909 0.0229932 0.115937 -0.15297 0.00630822 0.181915 3.98106
1 0.18 -0.000275436 -0.00192565 -0.000477476 -0.0155196 -8.33801e-05 0.000371309 0.023571 0.115191 -0.145728 0.0072687 0.202503 4.25403
-1 0.18 -0.000275436 -0.00192629 -0.000477476 -0.0154878 -8.33801e-05 0.00044075 0.023571 0.115191 -0.145677 0.0072687 0.202503 4.27352
-0.5 0.185 -0.000285065 -0.00192537 -0.000560453 -0.0177028 -8.02004e-05 0.000831098 0.0241452 0.114477 -0.13993 0.00833586 0.224609 4.56868
0 0.19 -0.00029469 -0.00192446 -0.000654505 -0.0199179 -7.50691e-05 0.00122145 0.0247159 0.113791 -0.134184 0.00951724 0.24819 4.86384
0.5 0.195 -0.00030431 -0.00192354 -0.000759632 -0.0221329 -6.7986e-05 0.00161179 0.0252832 0.113135 -0.128437 0.0108202 0.273247 5.159
1 0.2 -0.000313925 -0.00192262 -0.000875834 -0.0243479 -5.89511e-05 0.00200214 0.0258472 0.112507 -0.122691 0.0122522 0.29978 5.45416
-1 0.2 -0.000313925 -0.00192307 -0.000875834 -0.0243263 -5.89511e-05 0.00207277 0.0258472 0.112507 -0.122664 0.0122522 0.29978 5.47516
-0.5 0.205 -0.000323547 -0.00192562 -0.00100458 -0.0271726 -4.71871e-05 0.00263285 0.0264083 0.111905 -0.118051 0.0138208 0.327916 5.77916
0 0.21 -0.000333181 -0.00192816 -0.00114756 -0.0300189 -3.26226e-05 0.00319294 0.0269663 0.111326 -0.113438 0.0155339 0.357571 6.08316
0.5 0.215 -0.000342828 -0.00193071 -0.00130477 -0.0328653 -1.52577e-05 0.00375302 0.0275216 0.110771 -0.108825 0.017399 0.388747 6.38716
1 0.22 -0.000352488 -0.00193325 -0.00147621 -0.0357116 4.9076e-06 0.00431311 0.0280741 0.110238 -0.104212 0.0194239 0.421443 6.69116
-1 0.22 -0.000352488 -0.00193357 -0.00147621 -0.0357015 4.9076e-06 0.0043821 0.0280741 0.110238 -0.104198 0.0194239 0.421443 6.71262
-0.5 0.225 -0.000362169 -0.00193854 -0.00166344 -0.0391914 2.86419e-05 0.00511164 0.028624 0.109727 -0.100448 0.0216162 0.455752 7.01091
0 0.23 -0.000371874 -0.00194351 -0.00186813 -0.0426813 5.6024e-05 0.00584117 0.0291714 0.109234 -0.0966982 0.0239839 0.491552 7.30919
0.5 0.235 -0.000381604 -0.00194848 -0.00209026 -0.0461712 8.70536e-05 0.0065707 0.0297164 0.10876 -0.0929482 0.0265342 0.528844 7.60748
1 0.24 -0.000391359 -0.00195345 -0.00232984 -0.0496611 0.000121731 0.00730024 0.030259 0.108304 -0.0891982 0.0292748 0.567627 7.90577
-1 0.24 -0.000391359 -0.00195368 -0.00232984 -0.0496634 0.000121731 0.00736507 0.030259 0.108304 -0.0891909 0.0292748 0.567627 7.92666
-0.5 0.245 -0.000401144 -0.00196037 -0.00258844 -0.0537765 0.000160774 0.00825197 0.0307994 0.107866 -0.0861043 0.0322132 0.607954 8.20414
0 0.25 -0.000410962 -0.00196705 -0.0028676 -0.0578896 0.000204251 0.00913887 0.0313377 0.107443 -0.0830176 0.0353566 0.649668 8.48162
0.5 0.255 -0.000420814 -0.00197374 -0.00316733 -0.0620027 0.000252162 0.0100258 0.0318739 0.107036 -0.079931 0.0387122 0.69277 8.7591
1 0.26 -0.0004307 -0.00198043 -0.00348763 -0.0661158 0.000304508 0.0109127 0.0324081 0.106644 -0.0768444 0.0422867 0.737259 9.03658
-1 0.26 -0.0004307 -0.00198059 -0.00348763 -0.0661306 0.000304508 0.0109711 0.0324081 0.106644 -0.0768408 0.0422867 0.737259 9.05591
-0.5 0.265 -0.000440622 -0.0019885 -0.00382999 -0.0708136 0.000361917 0.0119925 0.0329404 0.106266 -0.0742703 0.0460872 0.783143 9.29753
0 0.27 -0.000450585 -0.00199642 -0.00419577 -0.0754965 0.000424433 0.0130139 0.0334708 0.105901 -0.0716998 0.0501201 0.830235 9.53914
0.5 0.275 -0.000460587 -0.00200433 -0.00458495 -0.0801794 0.000492056 0.0140353 0.0339994 0.105549 -0.0691292 0.0543915 0.878534 9.78076
1 0.28 -0.000470628 -0.00201224 -0.00499756 -0.0848623 0.000564786 0.0150566 0.0345263 0.10521 -0.0665587 0.0589075 0.928042 10.0224
-1 0.28 -0.000470628 -0.00201236 -0.00499756 -0.0848896 0.000564786 0.0151069 0.0345263 0.10521 -0.0665573 0.0589075 0.928042 10.0392
-0.5 0.285 -0.000480712 -0.00202116 -0.00543492 -0.0900567 0.00064313 0.0162305 0.0350515 0.104883 -0.0643934 0.063674 0.978716 10.2305
0 0.29 -0.00049084 -0.00202995 -0.00589813 -0.0952239 0.000727091 0.0173542 0.0355751 0.104566 -0.0622296 0.0686962 1.03035 10.4217
0.5 0.295 -0.000501011 -0.00203874 -0.00638716 -0.100391 0.000816672 0.0184779 0.0360972 0.10426 -0.0600658 0.073979 1.08293 10.6129
1 0.3 -0.000511227 -0.00204754 -0.00690204 -0.105558 0.00091187 0.0196015 0.0366177 0.103965 -0.0579019 0.0795271 1.13648 10.8042
-1 0.3 -0.000511227 -0.00204763 -0.00690204 -0.105597 0.00091187 0.019642 0.0366177 0.103965 -0.0579017 0.0795271 1.13648 10.8177
-0.5 0.305 -0.000521489 -0.00205706 -0.00744386 -0.111133 0.00101305 0.0208283 0.0371369 0.10368 -0.0560624 0.0853453 1.19088 10.9451
0 0.31 -0.000531798 -0.00206649 -0.00801337 -0.116668 0.00112015 0.0220146 0.0376546 0.103405 -0.0542232 0.091437 1.24593 11.0724
0.5 0.315 -0.000542154 -0.00207593 -0.00861055 -0.122204 0.00123319 0.0232009 0.0381709 0.103138 -0.0523839 0.0978056 1.30161 11.1998
1 0.32 -0.000552557 -0.00208536 -0.0092354 -0.12774 0.00135216 0.0243872 0.038686 0.102881 -0.0505446 0.104454 1.35792 11.3271
-1 0.32 -0.000552557 -0.00208543 -0.0092354 -0.127789 0.00135216 0.0244168 0.038686 0.102881 -0.0505452 0.104454 1.35792 11.3366
-0.5 0.325 -0.000563009 -0.00209533 -0.00988875 -0.13355 0.00147726 0.0256208 0.0391997 0.102632 -0.0489682 0.111386 1.41474 11.3879
0 0.33 -0.00057351 -0.00210522 -0.0105709 -0.139311 0.00160837 0.0268247 0.0397123 0.102391 -0.0473913 0.118602 1.4718 11.4393
0.5 0.335 -0.000584061 -0.00211512 -0.0112819 -0.145071 0.0017455 0.0280287 0.0402237 0.102158 -0.0458143 0.126104 1.52913 11.4906
1 0.34 -0.000594661 -0.00212501 -0.0120216 -0.150832 0.00188866 0.0292326 0.0407339 0.101933 -0.0442374 0.133894 1.58671 11.5419
-1 0.34 -0.000594661 -0.00212507 -0.0120216 -0.150891 0.00188866 0.0292504 0.0407339 0.101933 -0.0442384 0.133894 1.58671 11.5467
-0.5 0.345 -0.000605312 -0.0021353 -0.0127906 -0.15671 0.00203784 0.0304238 0.041243 0.101715 -0.0428763 0.141971 1.64436 11.5116
0 0.35 -0.000616014 -0.00214553 -0.0135887 -0.162529 0.0021929 0.0315972 0.0417511 0.101504 -0.0415142 0.150337 1.70183 11.4766
0.5 0.355 -0.000626767 -0.00215575 -0.0144159 -0.168347 0.00235381 0.0327705 0.0422581 0.1013 -0.0401521 0.158989 1.75912 11.4415
1 0.36 -0.000637572 -0.00216598 -0.0152722 -0.174166 0.0025206 0.0339439 0.0427641 0.101103 -0.0387899 0.167928 1.81624 11.4065
-1 0.36 -0.000637572 -0.00216603 -0.0152722 -0.174233 0.0025206 0.0339495 0.0427641 0.101103 -0.0387913 0.167928 1.81624 11.406
-0.5 0.365 -0.000648428 -0.0021765 -0.0161576 -0.179923 0.00269308 0.035043 0.0432691 0.100912 -0.0376074 0.177151 1.87295 11.2762
0 0.37 -0.000659337 -0.00218696 -0.0170714 -0.185613 0.00287103 0.0361365 0.0437732 0.100727 -0.0364235 0.186656 1.929 11.1463
0.5 0.375 -0.000670298 -0.00219743 -0.0180137 -0.191303 0.00305445 0.03723 0.0442764 0.100548 -0.0352397 0.19644 1.98441 11.0165
1 0.38 -0.000681311 -0.0022079 -0.0189844 -0.196993 0.00324333 0.0383235 0.0447787 0.100374 -0.0340558 0.206499 2.03917 10.8867
-1 0.38 -0.000681311 -0.00220793 -0.0189844 -0.197065 0.00324333 0.0383166 0.0447787 0.100374 -0.0340573 0.206499 2.03917 10.8806
-0.5 0.385 -0.000692377 -0.00221856 -0.0199832 -0.202425 0.00343733 0.039282 0.0452801 0.100207 -0.0330235 0.21683 2.093 10.65
0 0.39 -0.000703497 -0.00222919 -0.0210087 -0.207785 0.00363615 0.0402475 0.0457808 0.100044 -0.0319897 0.227427 2.14567 10.4194
0.5 0.395 -0.000714669 -0.00223982 -0.022061 -0.213144 0.0038398 0.0412129 0.0462806 0.0998867 -0.030956 0.238285 2.19719 10.1888
1 0.4 -0.000725895 -0.00225045 -0.0231401 -0.218504 0.00404828 0.0421783 0.0467796 0.0997345 -0.0299222 0.249397 2.24756 9.95816
-1 0.4 -0.000725895 -0.00225048 -0.0231401 -0.218581 0.00404828 0.0421591 0.0467796 0.0997345 -0.0299238 0.249397 2.24756 9.9462
-0.5 0.405 -0.000737174 -0.00226122 -0.0242451 -0.223399 0.00426106 0.0429512 0.0472779 0.0995871 -0.0290185 0.260758 2.29645 9.61127
0 0.41 -0.000748507 -0.00227195 -0.0253741 -0.228217 0.00447779 0.0437433 0.0477755 0.0994443 -0.0281132 0.272359 2.34367 9.27634
0.5 0.415 -0.000759894 -0.00228268 -0.0265272 -0.233035 0.00469849 0.0445354 0.0482724 0.099306 -0.0272079 0.284192 2.38921 8.94142
1 0.42 -0.000771334 -0.00229342 -0.0277045 -0.237853 0.00492314 0.0453274 0.0487686 0.0991722 -0.0263026 0.296248 2.43308 8.60649
-1 0.42 -0.000771334 -0.00229345 -0.0277045 -0.237931 0.00492314 0.0452963 0.0487686 0.0991722 -0.0263044 0.296248 2.43308 8.58853
-0.5 0.425 -0.000782828 -0.00230423 -0.0289043 -0.241992 0.00515107 0.0458744 0.0492641 0.0990427 -0.0255112 0.308519 2.47493 8.14852
0 0.43 -0.000794376 -0.00231502 -0.0301244 -0.246053 0.00538189 0.0464525 0.049759 0.0989171 -0.024718 0.320994 2.51457 7.70851
0.5 0.435 -0.000805978 -0.0023258 -0.0313648 -0.250114 0.0056156 0.0470306 0.0502533 0.0987955 -0.0239248 0.333661 2.55201 7.26849
1 0.44 -0.000817634 -0.00233659 -0.0326255 -0.254175 0.00585219 0.0476087 0.050747 0.0986779 -0.0231316 0.34651 2.58725 6.82848
-1 0.44 -0.000817634 -0.00233661 -0.0326255 -0.254254 0.00585219 0.0475663 0.050747 0.0986779 -0.0231336 0.34651 2.58725 6.80456
-0.5 0.445 -0.000829344 -0.0023474 -0.0339045 -0.257344 0.00609085 0.0478959 0.0512401 0.0985639 -0.0224404 0.359529 2.61992 6.26158
0 0.45 -0.000841108 -0.00235819 -0.035199 -0.260435 0.00633115 0.0482256 0.0517326 0.0984535 -0.0217472 0.372705 2.64987 5.7186
0.5 0.455 -0.000852926 -0.00236898 -0.0365089 -0.263525 0.00657311 0.0485552 0.0522246 0.0983465 -0.021054 0.386024 2.6771 5.17563
1 0.46 -0.000864798 -0.00237977 -0.0378342 -0.266616 0.00681671 0.0488848 0.0527161 0.0982429 -0.0203608 0.399472 2.70163 4.63265
-1 0.46 -0.000864798 -0.00237979 -0.0378342 -0.266692 0.00681671 0.0488321 0.0527161 0.0982429 -0.0203631 0.399472 2.70163 4.60294
-0.5 0.465 -0.000876724 -0.00239054 -0.0391725 -0.268606 0.007061 0.0488859 0.053207 0.0981426 -0.0197615 0.413035 2.72304 3.96214
0 0.47 -0.000888703 -0.00240129 -0.0405203 -0.270521 0.00730557 0.0489398 0.0536975 0.0980453 -0.0191599 0.426697 2.74125 3.32133
0.5 0.475 -0.000900737 -0.00241203 -0.0418777 -0.272436 0.0075504 0.0489936 0.0541875 0.097951 -0.0185584 0.440442 2.75625 2.68052
1 0.48 -0.000912824 -0.00242278 -0.0432446 -0.27435 0.0077955 0.0490474 0.054677 0.0978597 -0.0179568 0.454254 2.76805 2.03972
-1 0.48 -0.000912824 -0.0024228 -0.0432446 -0.274421 0.0077955 0.0489856 0.054677 0.0978597 -0.0179595 0.454254 2.76805 2.00456
-0.5 0.485 -0.000924964 -0.00243346 -0.0446181 -0.274969 0.00803983 0.0487444 0.0551661 0.0977712 -0.0174444 0.468116 2.77625 1.27416
0 0.49 -0.000937158 -0.00244411 -0.0459943 -0.275516 0.00828295 0.0485031 0.0556547 0.0976853 -0.0169292 0.48201 2.78079 0.543751
0.5 0.495 -0.000949405 -0.00245476 -0.0473733 -0.276063 0.00852486 0.0482619 0.056143 0.0976019 -0.016414 0.495918 2.78169 -0.186656
1 0.5 -0.000961706 -0.00246541 -0.048755 -0.27661 0.00876556 0.0480207 0.0566308 0.0975212 -0.0158988 0.509821 2.77893 -0.917063
-1 0.5 -0.000961706 -0.00246544 -0.048755 -0.276674 0.00876556 0.0479512 0.0566308 0.0975212 -0.0159022 0.509821 2.77893 -0.957164
-0.5 0.505 -0.000974059 -0.00247594 -0.0501359 -0.275684 0.00900395 0.047404 0.0571182 0.0974427 -0.0154711 0.5237 2.77212 -1.76583
0 0.51 -0.000986465 -0.00248645 -0.0515118 -0.274693 0.00923961 0.0468569 0.0576052 0.0973664 -0.0150399 0.537535 2.76127 -2.57449
0.5 0.515 -0.000998924 -0.00249695 -0.0528828 -0.273702 0.00947252 0.0463098 0.0580918 0.0972923 -0.0146088 0.551306 2.74637 -3.38315
1 0.52 -0.00101143 -0.00250745 -0.0542488 -0.272712 0.0097027 0.0457626 0.0585781 0.0972204 -0.0141776 0.564992 2.72744 -4.19182
-1 0.52 -0.00101143 -0.00250748 -0.0542488 -0.272766 0.0097027 0.0456871 0.0585781 0.0972204 -0.014182 0.564992 2.72744 -4.2362
-0.5 0.525 -0.001024 -0.00251777 -0.055606 -0.270094 0.009929 0.0448318 0.0590641 0.0971503 -0.0138352 0.578573 2.70408 -5.1087
0 0.53 -0.00103661 -0.00252805 -0.0569498 -0.267422 0.010151 0.0439765 0.0595496 0.097082 -0.0134884 0.592026 2.67635 -5.98121
0.5 0.535 -0.00104928 -0.00253834 -0.0582802 -0.264749 0.0103688 0.0431213 0.0600349 0.0970154 -0.0131415 0.605329 2.64426 -6.85371
1 0.54 -0.001062 -0.00254862 -0.0595973 -0.262077 0.0105822 0.042266 0.0605198 0.0969506 -0.0127947 0.618461 2.60781 -7.72621
-1 0.54 -0.001062 -0.00254866 -0.0595973 -0.26212 0.0105822 0.0421863 0.0605198 0.0969506 -0.0128004 0.618461 2.60781 -7.77405
-0.5 0.545 -0.00107476 -0.00255864 -0.0608967 -0.257655 0.0107903 0.041029 0.0610044 0.0968872 -0.0125406 0.631399 2.56665 -8.69301
0 0.55 -0.00108758 -0.00256863 -0.0621738 -0.253191 0.0109925 0.0398717 0.0614887 0.0968252 -0.0122808 0.64412 2.52088 -9.61198
0.5 0.555 -0.00110045 -0.00257862 -0.0634286 -0.248727 0.011189 0.0387144 0.0619726 0.0967644 -0.012021 0.6566 2.47053 -10.531
1 0.56 -0.00111337 -0.00258861 -0.0646611 -0.244263 0.0113797 0.0375571 0.0624563 0.096705 -0.0117611 0.668818 2.41557 -11.4499
-1 0.56 -0.00111337 -0.00258865 -0.0646611 -0.244291 0.0113797 0.0374752 0.0624563 0.096705 -0.0117685 0.668818 2.41557 -11.5002
-0.5 0.565 -0.00112634 -0.00259825 -0.0658667 -0.237964 0.0115634 0.0360299 0.0629397 0.0966465 -0.0116006 0.680748 2.35571 -12.4455
0 0.57 -0.00113935 -0.00260784 -0.0670407 -0.231637 0.01174 0.0345845 0.0634228 0.096589 -0.0114327 0.692367 2.29112 -13.3908
0.5 0.575 -0.00115241 -0.00261744 -0.0681831 -0.22531 0.0119093 0.0331392 0.0639056 0.0965322 -0.0112647 0.703651 2.2218 -14.3361
1 0.58 -0.00116553 -0.00262704 -0.0692938 -0.218983 0.0120714 0.0316939 0.0643881 0.0964763 -0.0110968 0.714577 2.14776 -15.2815
-1 0.58 -0.00116553 -0.00262708 -0.0692938 -0.218995 0.0120714 0.0316119 0.0643881 0.0964763 -0.0111063 0.714577 2.14776 -15.333
-0.5 0.585 -0.00117868 -0.00263618 -0.0703683 -0.21078 0.0122251 0.0298998 0.0648703 0.096421 -0.0110372 0.72512 2.06872 -16.2821
0 0.59 -0.00119189 -0.00264527 -0.0714016 -0.202564 0.0123704 0.0281878 0.0653523 0.0963659 -0.010968 0.735256 1.98494 -17.2312
0.5 0.595 -0.00120514 -0.00265436 -0.0723939 -0.194348 0.012507 0.0264757 0.065834 0.0963113 -0.0108988 0.744962 1.89641 -18.1803
1 0.6 -0.00121843 -0.00266345 -0.0733451 -0.186132 0.0126351 0.0247636 0.0663154 0.096257 -0.0108296 0.754212 1.80313 -19.1295
-1 0.6 -0.00121843 -0.00266351 -0.0733451 -0.186127 0.0126351 0.0246835 0.0663154 0.096257 -0.0108419 0.754212 1.80313 -19.1809
-0.5 0.605 -0.00123177 -0.00267196 -0.0742505 -0.176047 0.0127537 0.0227324 0.0667966 0.0962027 -0.0108799 0.762984 1.70491 -20.1093
0 0.61 -0.00124515 -0.00268042 -0.0751056 -0.165968 0.0128624 0.0207812 0.0672775 0.0961482 -0.010918 0.771254 1.60204 -21.0376
0.5 0.615 -0.00125857 -0.00268887 -0.0759102 -0.155888 0.0129615 0.01883 0.0677581 0.0960935 -0.0109561 0.778997 1.49453 -21.966
1 0.62 -0.00127204 -0.00269733 -0.0766644 -0.145808 0.0130507 0.0168789 0.0682384 0.0960386 -0.0109941 0.786191 1.38238 -22.8944
-1 0.62 -0.00127204 -0.00269739 -0.0766644 -0.145783 0.0130507 0.0168028 0.0682384 0.0960386 -0.0110097 0.786191 1.38238 -22.9442
-0.5 0.625 -0.00128555 -0.00270506 -0.0773637 -0.133919 0.0131294 0.0146458 0.0687184 0.0959832 -0.0111648 0.792813 1.26545 -23.8259
0 0.63 -0.00129909 -0.00271272 -0.0780036 -0.122054 0.0131972 0.0124887 0.0691982 0.0959269 -0.0113199 0.798839 1.14412 -24.7076
0.5 0.635 -0.00131267 -0.00272038 -0.0785842 -0.11019 0.0132542 0.0103317 0.0696777 0.09587 -0.011475 0.804247 1.01838 -25.5893
1 0.64 -0.00132629 -0.00272805 -0.0791055 -0.0983254 0.0133005 0.00817467 0.0701569 0.0958122 -0.0116301 0.809015 0.888227 -26.471
-1 0.64 -0.00132629 -0.00272812 -0.0791055 -0.0982807 0.0133005 0.00810458 0.0701569 0.0958122 -0.0116497 0.809015 0.888227 -26.5176
-0.5 0.645 -0.00133995 -0.00273481 -0.0795632 -0.0847684 0.0133352 0.00577978 0.0706358 0.0957532 -0.0119323 0.813121 0.753618 -27.326
0 0.65 -0.00135364 -0.00274151 -0.0799532 -0.071256 0.0133583 0.00345497 0.0711144 0.0956929 -0.0122148 0.816544 0.614967 -28.1344
0.5 0.655 -0.00136737 -0.0027482 -0.0802757 -0.0577437 0.0133698 0.00113017 0.0715928 0.0956311 -0.0124974 0.819264 0.472274 -28.9428
1 0.66 -0.00138112 -0.0027549 -0.0805307 -0.0442313 0.0133696 -0.00119464 0.0720708 0.0955679 -0.01278 0.82126 0.325539 -29.7513
-1 0.66 -0.00138112 -0.00275498 -0.0805307 -0.0441662 0.0133696 -0.00125695 0.0720708 0.0955679 -0.0128043 0.82126 0.325539 -29.7929
-0.5 0.665 -0.00139491 -0.0027605 -0.0807141 -0.0292021 0.0133572 -0.00370717 0.0725484 0.0955028 -0.0132249 0.822513 0.174802 -30.5017
0 0.67 -0.00140873 -0.00276603 -0.0808227 -0.0142379 0.0133325 -0.00615739 0.0730258 0.0954357 -0.0136455 0.823003 0.0205215 -31.2105
0.5 0.675 -0.00142257 -0.00277156 -0.0808565 0.000726232 0.0132956 -0.00860761 0.0735028 0.0953664 -0.0140661 0.822712 -0.137303 -31.9193
1 0.68 -0.00143644 -0.00277709 -0.0808154 0.0156904 0.0132465 -0.0110578 0.0739794 0.095295 -0.0144867 0.821624 -0.298671 -32.6281
-1 0.68 -0.00143644 -0.00277717 -0.0808154 0.0157754 0.0132465 -0.0111109 0.0739794 0.095295 -0.0145164 0.821624 -0.298671 -32.663
-0.5 0.685 -0.00145034 -0.00278132 -0.0806961 0.0319369 0.0131846 -0.0136402 0.0744557 0.095221 -0.0150847 0.81972 -0.463447 -33.2472
0 0.69 -0.00146426 -0.00278546 -0.080496 0.0480985 0.0131101 -0.0161695 0.0749316 0.0951441 -0.015653 0.816984 -0.631143 -33.8313
0.5 0.695 -0.0014782 -0.00278961 -0.0802151 0.0642601 0.0130229 -0.0186988 0.0754072 0.0950645 -0.0162213 0.813403 -0.80176 -34.4155
1 0.7 -0.00149215 -0.00279375 -0.0798534 0.0804217 0.0129231 -0.0212281 0.0758823 0.0949819 -0.0167896 0.808962 -0.975298 -34.9996
-1 0.7 -0.00149215 -0.00279384 -0.0798534 0.080525 0.0129231 -0.0212706 0.0758823 0.0949819 -0.0168254 0.808962 -0.975298 -35.0262
-0.5 0.705 -0.00150613 -0.00279637 -0.0794082 0.0975748 0.0128103 -0.0238287 0.076357 0.094896 -0.0175492 0.803646 -1.15152 -35.4633
0 0.71 -0.00152012 -0.00279889 -0.0788777 0.114625 0.0126848 -0.0263867 0.0768312 0.0948064 -0.018273 0.797443 -1.32993 -35.9005
0.5 0.715 -0.00153412 -0.00280142 -0.0782619 0.131675 0.0125465 -0.0289448 0.077305 0.0947133 -0.0189968 0.790343 -1.51053 -36.3376
1 0.72 -0.00154813 -0.00280395 -0.077561 0.148724 0.0123953 -0.0315028 0.0777784 0.0946165 -0.0197207 0.782334 -1.69331 -36.7748
-1 0.72 -0.00154813 -0.00280404 -0.077561 0.148843 0.0123953 -0.0315342 0.0777784 0.0946165 -0.0197629 0.782334 -1.69331 -36.7913
-0.5 0.725 -0.00156215 -0.00280471 -0.0767728 0.166424 0.0122313 -0.0340663 0.0782512 0.0945154 -0.0206469 0.773406 -1.87794 -37.0631
0 0.73 -0.00157618 -0.00280538 -0.0758967 0.184005 0.0120547 -0.0365984 0.0787235 0.09441 -0.021531 0.763552 -2.06394 -37.335
0.5 0.735 -0.00159021 -0.00280605 -0.0749327 0.201587 0.0118654 -0.0391306 0.0791953 0.0943001 -0.022415 0.752765 -2.25129 -37.6068
1 0.74 -0.00160424 -0.00280672 -0.0738808 0.219168 0.0116634 -0.0416627 0.0796665 0.0941859 -0.0232991 0.741037 -2.44001 -37.8787
-1 0.74 -0.00160424 -0.00280681 -0.0738808 0.219298 0.0116634 -0.0416826 0.0796665 0.0941859 -0.0233481 0.741037 -2.44001 -37.8837
-0.5 0.745 -0.00161827 -0.00280538 -0.0727401 0.237016 0.0114488 -0.0441292 0.0801371 0.0940665 -0.0243926 0.728363 -2.62966 -37.9776
0 0.75 -0.00163229 -0.00280396 -0.0715107 0.254735 0.0112221 -0.0465759 0.0806072 0.0939419 -0.025437 0.71474 -2.81978 -38.0714
0.5 0.755 -0.00164631 -0.00280253 -0.0701927 0.272453 0.0109831 -0.0490225 0.0810766 0.0938121 -0.0264814 0.700165 -3.01037 -38.1653
1 0.76 -0.00166032 -0.00280111 -0.0687862 0.290171 0.0107319 -0.0514691 0.0815453 0.0936771 -0.0275259 0.684635 -3.20144 -38.2591
-1 0.76 -0.00166032 -0.00280119 -0.0687862 0.290308 0.0107319 -0.0514778 0.0815453 0.0936771 -0.0275817 0.684635 -3.20144 -38.2518
-0.5 0.765 -0.00167431 -0.00279744 -0.067291 0.307746 0.0104687 -0.0537737 0.0820133 0.0935362 -0.0287807 0.66815 -3.39247 -38.1623
0 0.77 -0.00168829 -0.0027937 -0.0657087 0.325185 0.0101941 -0.0560696 0.0824806 0.0933893 -0.0299797 0.650711 -3.58306 -38.0728
0.5 0.775 -0.00170225 -0.00278995 -0.0640392 0.342624 0.00990803 -0.0583655 0.0829472 0.0932364 -0.0311786 0.63232 -3.7732 -37.9833
1 0.78 -0.00171619 -0.0027862 -0.0622824 0.360063 0.00961046 -0.0606614 0.083413 0.0930775 -0.0323776 0.61298 -3.96289 -37.8938
-1 0.78 -0.00171619 -0.00278628 -0.0622824 0.360199 0.00961046 -0.0606597 0.083413 0.0930775 -0.0324399 0.61298 -3.96289 -37.8735
-0.5 0.785 -0.00173011 -0.00278001 -0.0604396 0.37694 0.00930198 -0.0627332 0.083878 0.092912 -0.0337798 0.592693 -4.15159 -37.6043
0 0.79 -0.00174399 -0.00277375 -0.058513 0.393681 0.00898313 -0.0648067 0.0843421 0.0927397 -0.0351198 0.571466 -4.33893 -37.3351
0.5 0.795 -0.00175785 -0.00276749 -0.0565028 0.410421 0.00865391 -0.0668802 0.0848053 0.0925608 -0.0364597 0.549306 -4.52494 -37.0659
1 0.8 -0.00177167 -0.00276123 -0.0544088 0.427162 0.00831433 -0.0689537 0.0852677 0.0923751 -0.0377996 0.526219 -4.70959 -36.7967
-1 0.8 -0.00177167 -0.00276128 -0.0544088 0.427289 0.00831433 -0.0689429 0.0852677 0.0923751 -0.0378677 0.526219 -4.70959 -36.7637
-0.5 0.805 -0.00178545 -0.00275236 -0.0522333 0.442933 0.00796518 -0.0707157 0.0857291 0.0921821 -0.0393257 0.502214 -4.89233 -36.3292
0 0.81 -0.00179919 -0.00274343 -0.0499795 0.458578 0.00760717 -0.0724884 0.0861895 0.0919819 -0.0407837 0.4773 -5.07289 -35.8947
0.5 0.815 -0.00181289 -0.0027345 -0.0476475 0.474222 0.0072403 -0.0742611 0.0866489 0.0917743 -0.0422418 0.451488 -5.25127 -35.4601
1 0.82 -0.00182654 -0.00272558 -0.0452373 0.489866 0.00686456 -0.0760339 0.0871072 0.0915594 -0.0436998 0.424791 -5.42749 -35.0256
-1 0.82 -0.00182654 -0.00272561 -0.0452373 0.489975 0.00686456 -0.0760159 0.0871072 0.0915594 -0.0437724 0.424791 -5.42749 -34.9807
-0.5 0.825 -0.00184013 -0.00271394 -0.0427519 0.504172 0.00648101 -0.0774027 0.0875645 0.0913367 -0.0453149 0.397218 -5.60096 -34.4076
0 0.83 -0.00185368 -0.00270226 -0.0401956 0.518369 0.00609053 -0.0787896 0.0880206 0.0911063 -0.0468574 0.368786 -5.77156 -33.8344
0.5 0.835 -0.00186716 -0.00269059 -0.0375682 0.532566 0.00569312 -0.0801765 0.0884755 0.0908682 -0.0483999 0.339507 -5.9393 -33.2613
1 0.84 -0.00188058 -0.00267892 -0.0348699 0.546763 0.00528877 -0.0815633 0.0889293 0.0906223 -0.0499424 0.309397 -6.10418 -32.6881
-1 0.84 -0.00188058 -0.00267892 -0.0348699 0.546844 0.00528877 -0.0815403 0.0889293 0.0906223 -0.0500177 0.309397 -6.10418 -32.6331
-0.5 0.845 -0.00189394 -0.00266451 -0.0321045 0.55932 0.00487879 -0.0824504 0.0893817 0.0903683 -0.0515991 0.278472 -6.26566 -31.9616
0 0.85 -0.00190723 -0.0026501 -0.0292767 0.571796 0.00446426 -0.0833605 0.0898329 0.0901063 -0.0531804 0.246746 -6.42379 -31.2902
0.5 0.855 -0.00192044 -0.00263569 -0.0263865 0.584272 0.00404519 -0.0842706 0.0902828 0.0898365 -0.0547618 0.214239 -6.57856 -30.6187
1 0.86 -0.00193358 -0.00262128 -0.023434 0.596748 0.00362156 -0.0851807 0.0907313 0.0895587 -0.0563431 0.180966 -6.72998 -29.9473
-1 0.86 -0.00193358 -0.00262124 -0.023434 0.596791 0.00362156 -0.0851552 0.0907313 0.0895587 -0.0564189 0.180966 -6.72998 -29.8845
-0.5 0.865 -0.00194665 -0.0026042 -0.0204236 0.607378 0.00319494 -0.0854936 0.0911784 0.0892727 -0.0579805 0.146946 -6.87761 -29.1698
0 0.87 -0.00195963 -0.00258716 -0.0173602 0.617964 0.00276662 -0.085832 0.091624 0.0889789 -0.0595422 0.112196 -7.02168 -28.4551
0.5 0.875 -0.00197252 -0.00257012 -0.0142439 0.628551 0.00233661 -0.0861704 0.0920681 0.0886773 -0.0611038 0.0767351 -7.16217 -27.7404
1 0.88 -0.00198533 -0.00255308 -0.0110747 0.639138 0.00190492 -0.0865088 0.0925107 0.0883679 -0.0626654 0.0405805 -7.29908 -27.0257
-1 0.88 -0.00198533 -0.002553 -0.0110747 0.639134 0.00190492 -0.0864835 0.0925107 0.0883679 -0.062739 0.0405805 -7.29908 -26.9584
-0.5 0.885 -0.00199804 -0.00253356 -0.00785736 0.647797 0.00147332 -0.086154 0.0929518 0.0880505 -0.0642092 0.00375101 -7.43215 -26.2708
0 0.89 -0.00201066 -0.00251413 -0.00459672 0.656459 0.00104338 -0.0858246 0.0933912 0.0877258 -0.0656793 -0.0337353 -7.56179 -25.5832
0.5 0.895 -0.00202318 -0.0024947 -0.00129277 0.665122 0.000615078 -0.0854951 0.093829 0.0873937 -0.0671495 -0.0718612 -7.68799 -24.8956
1 0.9 -0.00203561 -0.00247527 0.0020545 0.673785 0.000188426 -0.0851656 0.0942652 0.0870543 -0.0686196 -0.110609 -7.81075 -24.208
-1 0.9 -0.00203561 -0.00247514 0.0020545 0.673726 0.000188426 -0.0851433 0.0942652 0.0870543 -0.068688 -0.110609 -7.81075 -24.1401
-0.5 0.905 -0.00204793 -0.00245368 0.00544028 0.680587 -0.000234563 -0.0840524 0.0946996 0.0867076 -0.0699821 -0.149963 -7.93001 -23.5653
0 0.91 -0.00206015 -0.00243222 0.00886037 0.687448 -0.000652098 -0.0829614 0.0951322 0.0863544 -0.0712763 -0.189905 -8.0464 -22.9905
0.5 0.915 -0.00207225 -0.00241077 0.0123148 0.694309 -0.00106418 -0.0818704 0.0955631 0.0859948 -0.0725704 -0.230422 -8.15991 -22.4157
1 0.92 -0.00208425 -0.00238931 0.0158035 0.70117 -0.0014708 -0.0807794 0.0959922 0.0856287 -0.0738645 -0.271499 -8.27056 -21.8409
-1 0.92 -0.00208425 -0.00238913 0.0158035 0.70105 -0.0014708 -0.0807629 0.0959922 0.0856287 -0.0739244 -0.271499 -8.27056 -21.7766
-0.5 0.925 -0.00209614 -0.00236616 0.0193221 0.706406 -0.00186977 -0.078824 0.0964194 0.0852566 -0.0749465 -0.313123 -8.37854 -21.4151
0 0.93 -0.00210791 -0.00234319 0.0228675 0.711761 -0.00225904 -0.0768851 0.0968447 0.0848793 -0.0759685 -0.355281 -8.48471 -21.0537
0.5 0.935 -0.00211957 -0.00232022 0.0264397 0.717117 -0.00263862 -0.0749461 0.0972682 0.0844969 -0.0769906 -0.397967 -8.58907 -20.6922
1 0.94 -0.00213112 -0.00229725 0.0300387 0.722472 -0.0030085 -0.0730072 0.0976897 0.0841094 -0.0780126 -0.441169 -8.69163 -20.3308
-1 0.94 -0.00213112 -0.00229702 0.0300387 0.722288 -0.0030085 -0.072999 0.0976897 0.0841094 -0.0780607 -0.441169 -8.69163 -20.2745
-0.5 0.945 -0.00214254 -0.00227319 0.0336609 0.726619 -0.00336634 -0.0701379 0.0981093 0.0837175 -0.0787054 -0.484881 -8.79292 -20.2406
0 0.95 -0.00215385 -0.00224937 0.0373049 0.73095 -0.00370988 -0.0672767 0.0985269 0.0833223 -0.07935 -0.529098 -8.89404 -20.2066
0.5 0.955 -0.00216504 -0.00222554 0.0409704 0.735281 -0.00403911 -0.0644156 0.0989425 0.082924 -0.0799947 -0.573821 -8.99498 -20.1726
1 0.96 -0.0021761 -0.00220171 0.0446577 0.739612 -0.00435404 -0.0615545 0.0993561 0.0825224 -0.0806393 -0.619048 -9.09576 -20.1386
-1 0.96 -0.0021761 -0.00220143 0.0446577 0.739362 -0.00435404 -0.061557 0.0993561 0.0825224 -0.0806723 -0.619048 -9.09576 -20.0951
-0.5 0.965 -0.00218705 -0.00217753 0.0483644 0.743337 -0.00465222 -0.057717 0.0997677 0.0821186 -0.0808283 -0.664779 -9.19729 -20.5143
0 0.97 -0.00219788 -0.00215362 0.052091 0.747312 -0.00493121 -0.0538771 0.100177 0.0817141 -0.0809844 -0.711024 -9.3009 -20.9336
0.5 0.975 -0.00220859 -0.00212972 0.0558375 0.751287 -0.00519099 -0.0500372 0.100585 0.0813088 -0.0811405 -0.757792 -9.40662 -21.3528
1 0.98 -0.00221918 -0.00210582 0.0596039 0.755262 -0.00543158 -0.0461973 0.10099 0.0809027 -0.0812965 -0.805094 -9.51443 -21.7721
-1 0.98 -0.00221918 -0.0021055 0.0596039 0.754946 -0.00543158 -0.0462125 0.10099 0.0809027 -0.0813113 -0.805094 -9.51443 -21.7456
-0.5 0.985 -0.00222965 -0.00208242 0.0633898 0.75942 -0.00565051 -0.0413603 0.101394 0.0804972 -0.0808661 -0.852942 -9.62568 -22.7527
0 0.99 -0.00224 -0.00205934 0.0671981 0.763894 -0.00584518 -0.0365081 0.101795 0.080094 -0.0804209 -0.901359 -9.74196 -23.7599
0.5 0.995 -0.00225024 -0.00203626 0.0710288 0.768369 -0.00601559 -0.0316559 0.102195 0.079693 -0.0799756 -0.95037 -9.86328 -24.767
1 1 -0.00226036 -0.00201318 0.0748818 0.772843 -0.00616174 -0.0268037 0.102592 0.0792943 -0.0795304 -1 -9.98963 -25.7742
