ZONE N=15, E=16, F=FEPOINT, ET=TRIANGLE
-0.84927 0.318115 0 0 0 0 
-0.867922 0.334257 0 0 0 0 
-0.886575 0.350399 0 0 0 0 
-0.905227 0.366541 0 0 0 0 
-0.92388 0.382683 0 0 0 0 
-0.876187 0.311157 0 0 0 0 
-0.895123 0.327401 0 0 0 0 
-0.914059 0.343647 0 0 0 0 
-0.932993 0.359895 0 0 0 0 
-0.903105 0.3042 0 0 0 0 
-0.922325 0.320542 0 0 0 0 
-0.941544 0.33689 0 0 0 0 
-0.930023 0.297242 0 0 0 0 
-0.949528 0.313682 0 0 0 0 
-0.95694 0.290285 0 0 0 0 
1 2 6
2 7 6
2 3 7
3 8 7
3 4 8
4 9 8
4 5 9
6 7 10
7 11 10
7 8 11
8 12 11
8 9 12
10 11 13
11 14 13
11 12 14
13 14 15
ZONE N=15, E=16, F=FEPOINT, ET=TRIANGLE
-0.871185 -0.0738333 0 0 0 0 
-0.872139 -0.0367269 0 0 0 0 
-0.873092 0.000379426 0 0 0 0 
-0.874046 0.0374858 0 0 0 0 
-0.875 0.0745921 0 0 0 0 
-0.903389 -0.055375 0 0 0 0 
-0.904342 -0.0182686 0 0 0 0 
-0.905296 0.0188377 0 0 0 0 
-0.90625 0.0559441 0 0 0 0 
-0.935592 -0.0369166 0 0 0 0 
-0.936546 0.000189713 0 0 0 0 
-0.9375 0.0372961 0 0 0 0 
-0.967796 -0.0184583 0 0 0 0 
-0.96875 0.018648 0 0 0 0 
-1 1.22465e-16 0 0 0 0 
1 2 6
2 7 6
2 3 7
3 8 7
3 4 8
4 9 8
4 5 9
6 7 10
7 11 10
7 8 11
8 12 11
8 9 12
10 11 13
11 14 13
11 12 14
13 14 15
ZONE N=15, E=16, F=FEPOINT, ET=TRIANGLE
-0.92388 0.382683 0 0 0 0 
-0.905227 0.366541 0 0 0 0 
-0.886575 0.350399 0 0 0 0 
-0.867922 0.334257 0 0 0 0 
-0.84927 0.318115 0 0 0 0 
-0.897462 0.394361 0 0 0 0 
-0.87881 0.378219 0 0 0 0 
-0.860157 0.362077 0 0 0 0 
-0.841505 0.345934 0 0 0 0 
-0.871045 0.406039 0 0 0 0 
-0.852393 0.389897 0 0 0 0 
-0.83374 0.373754 0 0 0 0 
-0.844628 0.417717 0 0 0 0 
-0.825975 0.401574 0 0 0 0 
-0.81821 0.429394 0 0 0 0 
1 2 6
2 7 6
2 3 7
3 8 7
3 4 8
4 9 8
4 5 9
6 7 10
7 11 10
7 8 11
8 12 11
8 9 12
10 11 13
11 14 13
11 12 14
13 14 15
ZONE N=15, E=16, F=FEPOINT, ET=TRIANGLE
-0.875 0.0745921 0 0 0 0 
-0.905046 0.0804484 0 0 0 0 
-0.935092 0.0863046 0 0 0 0 
-0.965139 0.0921609 0 0 0 0 
-0.995185 0.0980171 0 0 0 0 
-0.90625 0.0559441 0 0 0 0 
-0.936597 0.0618151 0 0 0 0 
-0.966944 0.0676886 0 0 0 0 
-0.99729 0.0735646 0 0 0 0 
-0.9375 0.0372961 0 0 0 0 
-0.968148 0.0431794 0 0 0 0 
-0.998795 0.0490677 0 0 0 0 
-0.96875 0.018648 0 0 0 0 
-0.999699 0.0245412 0 0 0 0 
-1 1.249e-16 0 0 0 0 
1 2 6
2 7 6
2 3 7
3 8 7
3 4 8
4 9 8
4 5 9
6 7 10
7 11 10
7 8 11
8 12 11
8 9 12
10 11 13
11 14 13
11 12 14
13 14 15
ZONE N=15, E=16, F=FEPOINT, ET=TRIANGLE
-0.83147 0.55557 0 0 0 0 
-0.80683 0.53797 0 0 0 0 
-0.78219 0.52037 0 0 0 0 
-0.757551 0.50277 0 0 0 0 
-0.732911 0.48517 0 0 0 0 
-0.793462 0.564533 0 0 0 0 
-0.768822 0.546933 0 0 0 0 
-0.744183 0.529333 0 0 0 0 
-0.719543 0.511733 0 0 0 0 
-0.755454 0.573496 0 0 0 0 
-0.730815 0.555896 0 0 0 0 
-0.706175 0.538296 0 0 0 0 
-0.717447 0.582459 0 0 0 0 
-0.692807 0.564858 0 0 0 0 
-0.679439 0.591421 0 0 0 0 
1 2 6
2 7 6
2 3 7
3 8 7
3 4 8
4 9 8
4 5 9
6 7 10
7 11 10
7 8 11
8 12 11
8 9 12
10 11 13
11 14 13
11 12 14
13 14 15
ZONE N=15, E=16, F=FEPOINT, ET=TRIANGLE
-0.81821 0.429394 0 0 0 0 
-0.821525 0.460938 0 0 0 0 
-0.82484 0.492482 0 0 0 0 
-0.828155 0.524026 0 0 0 0 
-0.83147 0.55557 0 0 0 0 
-0.844628 0.417717 0 0 0 0 
-0.849004 0.449828 0 0 0 0 
-0.853371 0.481957 0 0 0 0 
-0.857729 0.514103 0 0 0 0 
-0.871045 0.406039 0 0 0 0 
-0.876492 0.4387 0 0 0 0 
-0.881921 0.471397 0 0 0 0 
-0.897462 0.394361 0 0 0 0 
-0.903989 0.427555 0 0 0 0 
-0.92388 0.382683 0 0 0 0 
1 2 6
2 7 6
2 3 7
3 8 7
3 4 8
4 9 8
4 5 9
6 7 10
7 11 10
7 8 11
8 12 11
8 9 12
10 11 13
11 14 13
11 12 14
13 14 15
ZONE N=15, E=16, F=FEPOINT, ET=TRIANGLE
-0.995185 0.0980171 0 0 0 0 
-0.965139 0.0921609 0 0 0 0 
-0.935092 0.0863046 0 0 0 0 
-0.905046 0.0804484 0 0 0 0 
-0.875 0.0745921 0 0 0 0 
-0.99248 0.122411 0 0 0 0 
-0.962135 0.116515 0 0 0 0 
-0.93179 0.110617 0 0 0 0 
-0.901446 0.104717 0 0 0 0 
-0.989177 0.14673 0 0 0 0 
-0.958534 0.140788 0 0 0 0 
-0.927893 0.134841 0 0 0 0 
-0.985278 0.170962 0 0 0 0 
-0.954339 0.164966 0 0 0 0 
-0.980785 0.19509 0 0 0 0 
1 2 6
2 7 6
2 3 7
3 8 7
3 4 8
4 9 8
4 5 9
6 7 10
7 11 10
7 8 11
8 12 11
8 9 12
10 11 13
11 14 13
11 12 14
13 14 15
ZONE N=15, E=16, F=FEPOINT, ET=TRIANGLE
-0.875 0.0745921 0 0 0 0 
-0.869703 0.101223 0 0 0 0 
-0.864406 0.127854 0 0 0 0 
-0.859108 0.154485 0 0 0 0 
-0.853811 0.181116 0 0 0 0 
-0.901446 0.104717 0 0 0 0 
-0.896149 0.131348 0 0 0 0 
-0.890852 0.157979 0 0 0 0 
-0.885555 0.18461 0 0 0 0 
-0.927893 0.134841 0 0 0 0 
-0.922595 0.161472 0 0 0 0 
-0.917298 0.188103 0 0 0 0 
-0.954339 0.164966 0 0 0 0 
-0.949042 0.191597 0 0 0 0 
-0.980785 0.19509 0 0 0 0 
1 2 6
2 7 6
2 3 7
3 8 7
3 4 8
4 9 8
4 5 9
6 7 10
7 11 10
7 8 11
8 12 11
8 9 12
10 11 13
11 14 13
11 12 14
13 14 15
ZONE N=15, E=16, F=FEPOINT, ET=TRIANGLE
-0.853811 0.181116 0 0 0 0 
-0.879593 0.208408 0 0 0 0 
-0.905376 0.235701 0 0 0 0 
-0.931158 0.262993 0 0 0 0 
-0.95694 0.290285 0 0 0 0 
-0.885555 0.18461 0 0 0 0 
-0.911629 0.211975 0 0 0 0 
-0.937703 0.239343 0 0 0 0 
-0.963776 0.266713 0 0 0 0 
-0.917298 0.188103 0 0 0 0 
-0.943665 0.215539 0 0 0 0 
-0.970031 0.24298 0 0 0 0 
-0.949042 0.191597 0 0 0 0 
-0.975702 0.219101 0 0 0 0 
-0.980785 0.19509 0 0 0 0 
1 2 6
2 7 6
2 3 7
3 8 7
3 4 8
4 9 8
4 5 9
6 7 10
7 11 10
7 8 11
8 12 11
8 9 12
10 11 13
11 14 13
11 12 14
13 14 15
ZONE N=15, E=16, F=FEPOINT, ET=TRIANGLE
-0.95694 0.290285 0 0 0 0 
-0.931158 0.262993 0 0 0 0 
-0.905376 0.235701 0 0 0 0 
-0.879593 0.208408 0 0 0 0 
-0.853811 0.181116 0 0 0 0 
-0.930023 0.297242 0 0 0 0 
-0.90424 0.26995 0 0 0 0 
-0.878458 0.242658 0 0 0 0 
-0.852676 0.215366 0 0 0 0 
-0.903105 0.3042 0 0 0 0 
-0.877323 0.276908 0 0 0 0 
-0.85154 0.249615 0 0 0 0 
-0.876187 0.311157 0 0 0 0 
-0.850405 0.283865 0 0 0 0 
-0.84927 0.318115 0 0 0 0 
1 2 6
2 7 6
2 3 7
3 8 7
3 4 8
4 9 8
4 5 9
6 7 10
7 11 10
7 8 11
8 12 11
8 9 12
10 11 13
11 14 13
11 12 14
13 14 15
ZONE N=15, E=16, F=FEPOINT, ET=TRIANGLE
-0.732911 0.48517 0 0 0 0 
-0.757551 0.50277 0 0 0 0 
-0.78219 0.52037 0 0 0 0 
-0.80683 0.53797 0 0 0 0 
-0.83147 0.55557 0 0 0 0 
-0.754236 0.471226 0 0 0 0 
-0.778876 0.488826 0 0 0 0 
-0.803515 0.506426 0 0 0 0 
-0.828155 0.524026 0 0 0 0 
-0.775561 0.457282 0 0 0 0 
-0.8002 0.474882 0 0 0 0 
-0.82484 0.492482 0 0 0 0 
-0.796886 0.443338 0 0 0 0 
-0.821525 0.460938 0 0 0 0 
-0.81821 0.429394 0 0 0 0 
1 2 6
2 7 6
2 3 7
3 8 7
3 4 8
4 9 8
4 5 9
6 7 10
7 11 10
7 8 11
8 12 11
8 9 12
10 11 13
11 14 13
11 12 14
13 14 15
ZONE N=15, E=16, F=FEPOINT, ET=TRIANGLE
-0.707107 0.707107 0 0 0 0 
-0.740951 0.671559 0 0 0 0 
-0.77301 0.634393 0 0 0 0 
-0.803208 0.595699 0 0 0 0 
-0.83147 0.55557 0 0 0 0 
-0.70019 0.678185 0 0 0 0 
-0.733129 0.641844 0 0 0 0 
-0.764245 0.603929 0 0 0 0 
-0.793462 0.564533 0 0 0 0 
-0.693273 0.649264 0 0 0 0 
-0.725294 0.612143 0 0 0 0 
-0.755454 0.573496 0 0 0 0 
-0.686356 0.620343 0 0 0 0 
-0.717447 0.582459 0 0 0 0 
-0.679439 0.591421 0 0 0 0 
1 2 6
2 7 6
2 3 7
3 8 7
3 4 8
4 9 8
4 5 9
6 7 10
7 11 10
7 8 11
8 12 11
8 9 12
10 11 13
11 14 13
11 12 14
13 14 15
ZONE N=15, E=16, F=FEPOINT, ET=TRIANGLE
-0.325956 0.844291 0 0 0 0 
-0.362316 0.853699 0 0 0 0 
-0.398676 0.863106 0 0 0 0 
-0.435037 0.872514 0 0 0 0 
-0.471397 0.881921 0 0 0 0 
-0.355172 0.820848 0 0 0 0 
-0.391532 0.830255 0 0 0 0 
-0.427893 0.839663 0 0 0 0 
-0.464253 0.84907 0 0 0 0 
-0.384388 0.797404 0 0 0 0 
-0.420749 0.806811 0 0 0 0 
-0.457109 0.816219 0 0 0 0 
-0.413605 0.77396 0 0 0 0 
-0.449965 0.783368 0 0 0 0 
-0.442821 0.750516 0 0 0 0 
1 2 6
2 7 6
2 3 7
3 8 7
3 4 8
4 9 8
4 5 9
6 7 10
7 11 10
7 8 11
8 12 11
8 9 12
10 11 13
11 14 13
11 12 14
13 14 15
ZONE N=15, E=16, F=FEPOINT, ET=TRIANGLE
-0.871185 -0.0738333 0 0 0 0 
-0.898585 -0.104148 0 0 0 0 
-0.925985 -0.134462 0 0 0 0 
-0.953385 -0.164776 0 0 0 0 
-0.980785 -0.19509 0 0 0 0 
-0.866138 -0.101181 0 0 0 0 
-0.893538 -0.131495 0 0 0 0 
-0.920938 -0.16181 0 0 0 0 
-0.948339 -0.192124 0 0 0 0 
-0.861092 -0.128529 0 0 0 0 
-0.888492 -0.158843 0 0 0 0 
-0.915892 -0.189157 0 0 0 0 
-0.856045 -0.155877 0 0 0 0 
-0.883445 -0.186191 0 0 0 0 
-0.850998 -0.183224 0 0 0 0 
1 2 6
2 7 6
2 3 7
3 8 7
3 4 8
4 9 8
4 5 9
6 7 10
7 11 10
7 8 11
8 12 11
8 9 12
10 11 13
11 14 13
11 12 14
13 14 15
ZONE N=15, E=16, F=FEPOINT, ET=TRIANGLE
-0.871185 -0.0738333 0 0 0 0 
-0.902185 -0.0798792 0 0 0 0 
-0.933185 -0.0859252 0 0 0 0 
-0.964185 -0.0919712 0 0 0 0 
-0.995185 -0.0980171 0 0 0 0 
-0.898585 -0.104148 0 0 0 0 
-0.929883 -0.110238 0 0 0 0 
-0.961181 -0.116325 0 0 0 0 
-0.99248 -0.122411 0 0 0 0 
-0.925985 -0.134462 0 0 0 0 
-0.95758 -0.140599 0 0 0 0 
-0.989177 -0.14673 0 0 0 0 
-0.953385 -0.164776 0 0 0 0 
-0.985278 -0.170962 0 0 0 0 
-0.980785 -0.19509 0 0 0 0 
1 2 6
2 7 6
2 3 7
3 8 7
3 4 8
4 9 8
4 5 9
6 7 10
7 11 10
7 8 11
8 12 11
8 9 12
10 11 13
11 14 13
11 12 14
13 14 15
ZONE N=15, E=16, F=FEPOINT, ET=TRIANGLE
-0.566968 0.692206 0 0 0 0 
-0.564119 0.727022 0 0 0 0 
-0.561269 0.761838 0 0 0 0 
-0.55842 0.796654 0 0 0 0 
-0.55557 0.83147 0 0 0 0 
-0.602003 0.695931 0 0 0 0 
-0.599917 0.731678 0 0 0 0 
-0.597816 0.767436 0 0 0 0 
-0.595699 0.803208 0 0 0 0 
-0.637038 0.699656 0 0 0 0 
-0.635731 0.736321 0 0 0 0 
-0.634393 0.77301 0 0 0 0 
-0.672072 0.703382 0 0 0 0 
-0.671559 0.740951 0 0 0 0 
-0.707107 0.707107 0 0 0 0 
1 2 6
2 7 6
2 3 7
3 8 7
3 4 8
4 9 8
4 5 9
6 7 10
7 11 10
7 8 11
8 12 11
8 9 12
10 11 13
11 14 13
11 12 14
13 14 15
ZONE N=15, E=16, F=FEPOINT, ET=TRIANGLE
-0.707107 0.707107 0 0 0 0 
-0.70019 0.678185 0 0 0 0 
-0.693273 0.649264 0 0 0 0 
-0.686356 0.620343 0 0 0 0 
-0.679439 0.591421 0 0 0 0 
-0.672072 0.703382 0 0 0 0 
-0.665155 0.67446 0 0 0 0 
-0.658238 0.645539 0 0 0 0 
-0.651321 0.616618 0 0 0 0 
-0.637038 0.699656 0 0 0 0 
-0.630121 0.670735 0 0 0 0 
-0.623204 0.641814 0 0 0 0 
-0.602003 0.695931 0 0 0 0 
-0.595086 0.66701 0 0 0 0 
-0.566968 0.692206 0 0 0 0 
1 2 6
2 7 6
2 3 7
3 8 7
3 4 8
4 9 8
4 5 9
6 7 10
7 11 10
7 8 11
8 12 11
8 9 12
10 11 13
11 14 13
11 12 14
13 14 15
ZONE N=15, E=16, F=FEPOINT, ET=TRIANGLE
-0.850998 -0.183224 0 0 0 0 
-0.877484 -0.209989 0 0 0 0 
-0.903969 -0.236754 0 0 0 0 
-0.930455 -0.26352 0 0 0 0 
-0.95694 -0.290285 0 0 0 0 
-0.849104 -0.216656 0 0 0 0 
-0.875589 -0.243421 0 0 0 0 
-0.902075 -0.270186 0 0 0 0 
-0.92856 -0.296951 0 0 0 0 
-0.847209 -0.250088 0 0 0 0 
-0.873695 -0.276853 0 0 0 0 
-0.90018 -0.303618 0 0 0 0 
-0.845314 -0.283519 0 0 0 0 
-0.8718 -0.310284 0 0 0 0 
-0.84342 -0.316951 0 0 0 0 
1 2 6
2 7 6
2 3 7
3 8 7
3 4 8
4 9 8
4 5 9
6 7 10
7 11 10
7 8 11
8 12 11
8 9 12
10 11 13
11 14 13
11 12 14
13 14 15
ZONE N=15, E=16, F=FEPOINT, ET=TRIANGLE
-0.995185 -0.0980171 0 0 0 0 
-0.964185 -0.0919712 0 0 0 0 
-0.933185 -0.0859252 0 0 0 0 
-0.902185 -0.0798792 0 0 0 0 
-0.871185 -0.0738333 0 0 0 0 
-0.99729 -0.0735646 0 0 0 0 
-0.96599 -0.0674989 0 0 0 0 
-0.934689 -0.0614357 0 0 0 0 
-0.903389 -0.055375 0 0 0 0 
-0.998795 -0.0490677 0 0 0 0 
-0.967194 -0.0429897 0 0 0 0 
-0.935592 -0.0369166 0 0 0 0 
-0.999699 -0.0245412 0 0 0 0 
-0.967796 -0.0184583 0 0 0 0 
-1 1.249e-16 0 0 0 0 
1 2 6
2 7 6
2 3 7
3 8 7
3 4 8
4 9 8
4 5 9
6 7 10
7 11 10
7 8 11
8 12 11
8 9 12
10 11 13
11 14 13
11 12 14
13 14 15
ZONE N=15, E=16, F=FEPOINT, ET=TRIANGLE
-0.92388 -0.382683 0 0 0 0 
-0.903765 -0.36625 0 0 0 0 
-0.88365 -0.349817 0 0 0 0 
-0.863535 -0.333384 0 0 0 0 
-0.84342 -0.316951 0 0 0 0 
-0.932993 -0.359895 0 0 0 0 
-0.912596 -0.343356 0 0 0 0 
-0.892198 -0.326819 0 0 0 0 
-0.8718 -0.310284 0 0 0 0 
-0.941544 -0.33689 0 0 0 0 
-0.920863 -0.320252 0 0 0 0 
-0.90018 -0.303618 0 0 0 0 
-0.949528 -0.313682 0 0 0 0 
-0.92856 -0.296951 0 0 0 0 
-0.95694 -0.290285 0 0 0 0 
1 2 6
2 7 6
2 3 7
3 8 7
3 4 8
4 9 8
4 5 9
6 7 10
7 11 10
7 8 11
8 12 11
8 9 12
10 11 13
11 14 13
11 12 14
13 14 15
ZONE N=15, E=16, F=FEPOINT, ET=TRIANGLE
-0.95694 -0.290285 0 0 0 0 
-0.930455 -0.26352 0 0 0 0 
-0.903969 -0.236754 0 0 0 0 
-0.877484 -0.209989 0 0 0 0 
-0.850998 -0.183224 0 0 0 0 
-0.963776 -0.266713 0 0 0 0 
-0.937 -0.23987 0 0 0 0 
-0.910223 -0.213029 0 0 0 0 
-0.883445 -0.186191 0 0 0 0 
-0.970031 -0.24298 0 0 0 0 
-0.942962 -0.216066 0 0 0 0 
-0.915892 -0.189157 0 0 0 0 
-0.975702 -0.219101 0 0 0 0 
-0.948339 -0.192124 0 0 0 0 
-0.980785 -0.19509 0 0 0 0 
1 2 6
2 7 6
2 3 7
3 8 7
3 4 8
4 9 8
4 5 9
6 7 10
7 11 10
7 8 11
8 12 11
8 9 12
10 11 13
11 14 13
11 12 14
13 14 15
ZONE N=15, E=16, F=FEPOINT, ET=TRIANGLE
-0.92388 -0.382683 0 0 0 0 
-0.897659 -0.394251 0 0 0 0 
-0.871439 -0.405818 0 0 0 0 
-0.845219 -0.417386 0 0 0 0 
-0.818999 -0.428953 0 0 0 0 
-0.903765 -0.36625 0 0 0 0 
-0.877544 -0.377818 0 0 0 0 
-0.851324 -0.389385 0 0 0 0 
-0.825104 -0.400953 0 0 0 0 
-0.88365 -0.349817 0 0 0 0 
-0.857429 -0.361385 0 0 0 0 
-0.831209 -0.372952 0 0 0 0 
-0.863535 -0.333384 0 0 0 0 
-0.837315 -0.344951 0 0 0 0 
-0.84342 -0.316951 0 0 0 0 
1 2 6
2 7 6
2 3 7
3 8 7
3 4 8
4 9 8
4 5 9
6 7 10
7 11 10
7 8 11
8 12 11
8 9 12
10 11 13
11 14 13
11 12 14
13 14 15
ZONE N=15, E=16, F=FEPOINT, ET=TRIANGLE
-0.77301 -0.634393 0 0 0 0 
-0.733034 -0.640323 0 0 0 0 
-0.693058 -0.646253 0 0 0 0 
-0.653081 -0.652182 0 0 0 0 
-0.613105 -0.658112 0 0 0 0 
-0.75709 -0.603769 0 0 0 0 
-0.717114 -0.609699 0 0 0 0 
-0.677137 -0.615629 0 0 0 0 
-0.637161 -0.621558 0 0 0 0 
-0.74117 -0.573145 0 0 0 0 
-0.701194 -0.579075 0 0 0 0 
-0.661217 -0.585004 0 0 0 0 
-0.72525 -0.542521 0 0 0 0 
-0.685274 -0.548451 0 0 0 0 
-0.70933 -0.511897 0 0 0 0 
1 2 6
2 7 6
2 3 7
3 8 7
3 4 8
4 9 8
4 5 9
6 7 10
7 11 10
7 8 11
8 12 11
8 9 12
10 11 13
11 14 13
11 12 14
13 14 15
ZONE N=15, E=16, F=FEPOINT, ET=TRIANGLE
-0.818999 -0.428953 0 0 0 0 
-0.845219 -0.417386 0 0 0 0 
-0.871439 -0.405818 0 0 0 0 
-0.897659 -0.394251 0 0 0 0 
-0.92388 -0.382683 0 0 0 0 
-0.822116 -0.460607 0 0 0 0 
-0.849398 -0.449607 0 0 0 0 
-0.876689 -0.43859 0 0 0 0 
-0.903989 -0.427555 0 0 0 0 
-0.825234 -0.492262 0 0 0 0 
-0.853568 -0.481846 0 0 0 0 
-0.881921 -0.471397 0 0 0 0 
-0.828352 -0.523916 0 0 0 0 
-0.857729 -0.514103 0 0 0 0 
-0.83147 -0.55557 0 0 0 0 
1 2 6
2 7 6
2 3 7
3 8 7
3 4 8
4 9 8
4 5 9
6 7 10
7 11 10
7 8 11
8 12 11
8 9 12
10 11 13
11 14 13
11 12 14
13 14 15
ZONE N=15, E=16, F=FEPOINT, ET=TRIANGLE
-0.83147 -0.55557 0 0 0 0 
-0.800935 -0.544652 0 0 0 0 
-0.7704 -0.533734 0 0 0 0 
-0.739865 -0.522815 0 0 0 0 
-0.70933 -0.511897 0 0 0 0 
-0.828352 -0.523916 0 0 0 0 
-0.797817 -0.512998 0 0 0 0 
-0.767282 -0.502079 0 0 0 0 
-0.736747 -0.491161 0 0 0 0 
-0.825234 -0.492262 0 0 0 0 
-0.794699 -0.481343 0 0 0 0 
-0.764164 -0.470425 0 0 0 0 
-0.822116 -0.460607 0 0 0 0 
-0.791581 -0.449689 0 0 0 0 
-0.818999 -0.428953 0 0 0 0 
1 2 6
2 7 6
2 3 7
3 8 7
3 4 8
4 9 8
4 5 9
6 7 10
7 11 10
7 8 11
8 12 11
8 9 12
10 11 13
11 14 13
11 12 14
13 14 15
ZONE N=15, E=16, F=FEPOINT, ET=TRIANGLE
0.360411 -0.816093 0 0 0 0 
0.365979 -0.84304 0 0 0 0 
0.371547 -0.869987 0 0 0 0 
0.377115 -0.896933 0 0 0 0 
0.382683 -0.92388 0 0 0 0 
0.383437 -0.805247 0 0 0 0 
0.389005 -0.832193 0 0 0 0 
0.394573 -0.85914 0 0 0 0 
0.400141 -0.886086 0 0 0 0 
0.406462 -0.7944 0 0 0 0 
0.41203 -0.821347 0 0 0 0 
0.417598 -0.848293 0 0 0 0 
0.429487 -0.783554 0 0 0 0 
0.435056 -0.8105 0 0 0 0 
0.452513 -0.772707 0 0 0 0 
1 2 6
2 7 6
2 3 7
3 8 7
3 4 8
4 9 8
4 5 9
6 7 10
7 11 10
7 8 11
8 12 11
8 9 12
10 11 13
11 14 13
11 12 14
13 14 15
ZONE N=15, E=16, F=FEPOINT, ET=TRIANGLE
0.450505 0.731489 0 0 0 0 
0.455728 0.769097 0 0 0 0 
0.460951 0.806705 0 0 0 0 
0.466174 0.844313 0 0 0 0 
0.471397 0.881921 0 0 0 0 
0.430691 0.753361 0 0 0 0 
0.435914 0.790969 0 0 0 0 
0.441137 0.828577 0 0 0 0 
0.44636 0.866185 0 0 0 0 
0.410877 0.775234 0 0 0 0 
0.4161 0.812842 0 0 0 0 
0.421323 0.85045 0 0 0 0 
0.391063 0.797106 0 0 0 0 
0.396286 0.834714 0 0 0 0 
0.371249 0.818978 0 0 0 0 
1 2 6
2 7 6
2 3 7
3 8 7
3 4 8
4 9 8
4 5 9
6 7 10
7 11 10
7 8 11
8 12 11
8 9 12
10 11 13
11 14 13
11 12 14
13 14 15
ZONE N=15, E=16, F=FEPOINT, ET=TRIANGLE
-0.228476 0.837231 0 0 0 0 
-0.243928 0.867158 0 0 0 0 
-0.25938 0.897085 0 0 0 0 
-0.274832 0.927013 0 0 0 0 
-0.290285 0.95694 0 0 0 0 
-0.252846 0.838996 0 0 0 0 
-0.268298 0.868923 0 0 0 0 
-0.28375 0.898851 0 0 0 0 
-0.299203 0.928778 0 0 0 0 
-0.277216 0.840761 0 0 0 0 
-0.292668 0.870688 0 0 0 0 
-0.30812 0.900616 0 0 0 0 
-0.301586 0.842526 0 0 0 0 
-0.317038 0.872454 0 0 0 0 
-0.325956 0.844291 0 0 0 0 
1 2 6
2 7 6
2 3 7
3 8 7
3 4 8
4 9 8
4 5 9
6 7 10
7 11 10
7 8 11
8 12 11
8 9 12
10 11 13
11 14 13
11 12 14
13 14 15
ZONE N=15, E=16, F=FEPOINT, ET=TRIANGLE
0.129737 0.850502 0 0 0 0 
0.121807 0.886673 0 0 0 0 
0.113877 0.922843 0 0 0 0 
0.105947 0.959014 0 0 0 0 
0.0980171 0.995185 0 0 0 0 
0.0981759 0.846352 0 0 0 0 
0.0902459 0.882522 0 0 0 0 
0.0823159 0.918693 0 0 0 0 
0.0743859 0.954864 0 0 0 0 
0.0666146 0.842201 0 0 0 0 
0.0586846 0.878372 0 0 0 0 
0.0507546 0.914542 0 0 0 0 
0.0350533 0.83805 0 0 0 0 
0.0271233 0.874221 0 0 0 0 
0.00349201 0.8339 0 0 0 0 
1 2 6
2 7 6
2 3 7
3 8 7
3 4 8
4 9 8
4 5 9
6 7 10
7 11 10
7 8 11
8 12 11
8 9 12
10 11 13
11 14 13
11 12 14
13 14 15
ZONE N=15, E=16, F=FEPOINT, ET=TRIANGLE
0.707107 0.707107 0 0 0 0 
0.682873 0.69122 0 0 0 0 
0.658639 0.675333 0 0 0 0 
0.634405 0.659446 0 0 0 0 
0.610171 0.64356 0 0 0 0 
0.70843 0.678662 0 0 0 0 
0.684196 0.662775 0 0 0 0 
0.659962 0.646888 0 0 0 0 
0.635728 0.631001 0 0 0 0 
0.709753 0.650217 0 0 0 0 
0.685519 0.63433 0 0 0 0 
0.661285 0.618443 0 0 0 0 
0.711076 0.621772 0 0 0 0 
0.686842 0.605885 0 0 0 0 
0.712399 0.593327 0 0 0 0 
1 2 6
2 7 6
2 3 7
3 8 7
3 4 8
4 9 8
4 5 9
6 7 10
7 11 10
7 8 11
8 12 11
8 9 12
10 11 13
11 14 13
11 12 14
13 14 15
ZONE N=15, E=16, F=FEPOINT, ET=TRIANGLE
0.129737 0.850502 0 0 0 0 
0.160726 0.842199 0 0 0 0 
0.191714 0.833895 0 0 0 0 
0.222703 0.825591 0 0 0 0 
0.253691 0.817288 0 0 0 0 
0.146075 0.883073 0 0 0 0 
0.177064 0.874769 0 0 0 0 
0.208053 0.866466 0 0 0 0 
0.239041 0.858162 0 0 0 0 
0.162414 0.915644 0 0 0 0 
0.193402 0.90734 0 0 0 0 
0.224391 0.899037 0 0 0 0 
0.178752 0.948214 0 0 0 0 
0.209741 0.939911 0 0 0 0 
0.19509 0.980785 0 0 0 0 
1 2 6
2 7 6
2 3 7
3 8 7
3 4 8
4 9 8
4 5 9
6 7 10
7 11 10
7 8 11
8 12 11
8 9 12
10 11 13
11 14 13
11 12 14
13 14 15
ZONE N=15, E=16, F=FEPOINT, ET=TRIANGLE
0.253691 0.817288 0 0 0 0 
0.26284 0.852201 0 0 0 0 
0.271988 0.887114 0 0 0 0 
0.281136 0.922027 0 0 0 0 
0.290285 0.95694 0 0 0 0 
0.239041 0.858162 0 0 0 0 
0.248263 0.893367 0 0 0 0 
0.257486 0.928572 0 0 0 0 
0.266713 0.963776 0 0 0 0 
0.224391 0.899037 0 0 0 0 
0.233683 0.934535 0 0 0 0 
0.24298 0.970031 0 0 0 0 
0.209741 0.939911 0 0 0 0 
0.219101 0.975702 0 0 0 0 
0.19509 0.980785 0 0 0 0 
1 2 6
2 7 6
2 3 7
3 8 7
3 4 8
4 9 8
4 5 9
6 7 10
7 11 10
7 8 11
8 12 11
8 9 12
10 11 13
11 14 13
11 12 14
13 14 15
ZONE N=15, E=16, F=FEPOINT, ET=TRIANGLE
0.634393 -0.77301 0 0 0 0 
0.653173 -0.757209 0 0 0 0 
0.671559 -0.740951 0 0 0 0 
0.689541 -0.724247 0 0 0 0 
0.707107 -0.707107 0 0 0 0 
0.635261 -0.737546 0 0 0 0 
0.653842 -0.721518 0 0 0 0 
0.672024 -0.705039 0 0 0 0 
0.689796 -0.688118 0 0 0 0 
0.636128 -0.702082 0 0 0 0 
0.654509 -0.685829 0 0 0 0 
0.672485 -0.66913 0 0 0 0 
0.636996 -0.666617 0 0 0 0 
0.655174 -0.650141 0 0 0 0 
0.637863 -0.631153 0 0 0 0 
1 2 6
2 7 6
2 3 7
3 8 7
3 4 8
4 9 8
4 5 9
6 7 10
7 11 10
7 8 11
8 12 11
8 9 12
10 11 13
11 14 13
11 12 14
13 14 15
ZONE N=15, E=16, F=FEPOINT, ET=TRIANGLE
0.290285 -0.95694 0 0 0 0 
0.307816 -0.921729 0 0 0 0 
0.325348 -0.886517 0 0 0 0 
0.342879 -0.851305 0 0 0 0 
0.360411 -0.816093 0 0 0 0 
0.278712 -0.913415 0 0 0 0 
0.296243 -0.878203 0 0 0 0 
0.313775 -0.842991 0 0 0 0 
0.331306 -0.80778 0 0 0 0 
0.267139 -0.869889 0 0 0 0 
0.28467 -0.834677 0 0 0 0 
0.302202 -0.799466 0 0 0 0 
0.255566 -0.826363 0 0 0 0 
0.273097 -0.791152 0 0 0 0 
0.243993 -0.782838 0 0 0 0 
1 2 6
2 7 6
2 3 7
3 8 7
3 4 8
4 9 8
4 5 9
6 7 10
7 11 10
7 8 11
8 12 11
8 9 12
10 11 13
11 14 13
11 12 14
13 14 15
ZONE N=15, E=16, F=FEPOINT, ET=TRIANGLE
-0.613105 -0.658112 0 0 0 0 
-0.598721 -0.701451 0 0 0 0 
-0.584337 -0.744791 0 0 0 0 
-0.569954 -0.78813 0 0 0 0 
-0.55557 -0.83147 0 0 0 0 
-0.586855 -0.66175 0 0 0 0 
-0.572471 -0.70509 0 0 0 0 
-0.558087 -0.748429 0 0 0 0 
-0.543704 -0.791768 0 0 0 0 
-0.560604 -0.665388 0 0 0 0 
-0.546221 -0.708728 0 0 0 0 
-0.531837 -0.752067 0 0 0 0 
-0.534354 -0.669026 0 0 0 0 
-0.519971 -0.712366 0 0 0 0 
-0.508104 -0.672665 0 0 0 0 
1 2 6
2 7 6
2 3 7
3 8 7
3 4 8
4 9 8
4 5 9
6 7 10
7 11 10
7 8 11
8 12 11
8 9 12
10 11 13
11 14 13
11 12 14
13 14 15
ZONE N=15, E=16, F=FEPOINT, ET=TRIANGLE
-0.396821 -0.769462 0 0 0 0 
-0.393287 -0.808066 0 0 0 0 
-0.389752 -0.846671 0 0 0 0 
-0.386218 -0.885275 0 0 0 0 
-0.382683 -0.92388 0 0 0 0 
-0.365206 -0.791896 0 0 0 0 
-0.361672 -0.8305 0 0 0 0 
-0.358137 -0.869105 0 0 0 0 
-0.354603 -0.907709 0 0 0 0 
-0.333591 -0.81433 0 0 0 0 
-0.330057 -0.852934 0 0 0 0 
-0.326522 -0.891539 0 0 0 0 
-0.301976 -0.836764 0 0 0 0 
-0.298442 -0.875369 0 0 0 0 
-0.270361 -0.859198 0 0 0 0 
1 2 6
2 7 6
2 3 7
3 8 7
3 4 8
4 9 8
4 5 9
6 7 10
7 11 10
7 8 11
8 12 11
8 9 12
10 11 13
11 14 13
11 12 14
13 14 15
ZONE N=15, E=16, F=FEPOINT, ET=TRIANGLE
-0.19509 -0.980785 0 0 0 0 
-0.181505 -0.950537 0 0 0 0 
-0.167919 -0.920289 0 0 0 0 
-0.154334 -0.890041 0 0 0 0 
-0.140748 -0.859793 0 0 0 0 
-0.213908 -0.950389 0 0 0 0 
-0.200323 -0.92014 0 0 0 0 
-0.186737 -0.889892 0 0 0 0 
-0.173152 -0.859644 0 0 0 0 
-0.232726 -0.919992 0 0 0 0 
-0.21914 -0.889744 0 0 0 0 
-0.205555 -0.859496 0 0 0 0 
-0.251544 -0.889595 0 0 0 0 
-0.237958 -0.859347 0 0 0 0 
-0.270361 -0.859198 0 0 0 0 
1 2 6
2 7 6
2 3 7
3 8 7
3 4 8
4 9 8
4 5 9
6 7 10
7 11 10
7 8 11
8 12 11
8 9 12
10 11 13
11 14 13
11 12 14
13 14 15
ZONE N=15, E=16, F=FEPOINT, ET=TRIANGLE
0.712399 0.593327 0 0 0 0 
0.698449 0.572285 0 0 0 0 
0.684499 0.551244 0 0 0 0 
0.670549 0.530203 0 0 0 0 
0.656599 0.509161 0 0 0 0 
0.742167 0.583888 0 0 0 0 
0.728217 0.562846 0 0 0 0 
0.714267 0.541805 0 0 0 0 
0.700317 0.520763 0 0 0 0 
0.771935 0.574448 0 0 0 0 
0.757985 0.553407 0 0 0 0 
0.744034 0.532366 0 0 0 0 
0.801702 0.565009 0 0 0 0 
0.787752 0.543968 0 0 0 0 
0.83147 0.55557 0 0 0 0 
1 2 6
2 7 6
2 3 7
3 8 7
3 4 8
4 9 8
4 5 9
6 7 10
7 11 10
7 8 11
8 12 11
8 9 12
10 11 13
11 14 13
11 12 14
13 14 15
ZONE N=15, E=16, F=FEPOINT, ET=TRIANGLE
6.1149e-17 1 0 0 0 0 
0.000873002 0.958475 0 0 0 0 
0.001746 0.91695 0 0 0 0 
0.00261901 0.875425 0 0 0 0 
0.00349201 0.8339 0 0 0 0 
0.0245412 0.999699 0 0 0 0 
0.0254044 0.957873 0 0 0 0 
0.0262651 0.916047 0 0 0 0 
0.0271233 0.874221 0 0 0 0 
0.0490677 0.998795 0 0 0 0 
0.0499136 0.956669 0 0 0 0 
0.0507546 0.914542 0 0 0 0 
0.0735646 0.99729 0 0 0 0 
0.0743859 0.954864 0 0 0 0 
0.0980171 0.995185 0 0 0 0 
1 2 6
2 7 6
2 3 7
3 8 7
3 4 8
4 9 8
4 5 9
6 7 10
7 11 10
7 8 11
8 12 11
8 9 12
10 11 13
11 14 13
11 12 14
13 14 15
ZONE N=15, E=16, F=FEPOINT, ET=TRIANGLE
0.55557 0.83147 0 0 0 0 
0.552685 0.801699 0 0 0 0 
0.5498 0.771928 0 0 0 0 
0.546915 0.742157 0 0 0 0 
0.54403 0.712386 0 0 0 0 
0.575808 0.817585 0 0 0 0 
0.572748 0.787569 0 0 0 0 
0.569685 0.757555 0 0 0 0 
0.566621 0.727542 0 0 0 0 
0.595699 0.803208 0 0 0 0 
0.592457 0.772951 0 0 0 0 
0.589212 0.742698 0 0 0 0 
0.615232 0.788346 0 0 0 0 
0.611802 0.757854 0 0 0 0 
0.634393 0.77301 0 0 0 0 
1 2 6
2 7 6
2 3 7
3 8 7
3 4 8
4 9 8
4 5 9
6 7 10
7 11 10
7 8 11
8 12 11
8 9 12
10 11 13
11 14 13
11 12 14
13 14 15
ZONE N=15, E=16, F=FEPOINT, ET=TRIANGLE
0.0980171 0.995185 0 0 0 0 
0.105947 0.959014 0 0 0 0 
0.113877 0.922843 0 0 0 0 
0.121807 0.886673 0 0 0 0 
0.129737 0.850502 0 0 0 0 
0.122411 0.99248 0 0 0 0 
0.130301 0.95601 0 0 0 0 
0.13819 0.919541 0 0 0 0 
0.146075 0.883073 0 0 0 0 
0.14673 0.989177 0 0 0 0 
0.154575 0.95241 0 0 0 0 
0.162414 0.915644 0 0 0 0 
0.170962 0.985278 0 0 0 0 
0.178752 0.948214 0 0 0 0 
0.19509 0.980785 0 0 0 0 
1 2 6
2 7 6
2 3 7
3 8 7
3 4 8
4 9 8
4 5 9
6 7 10
7 11 10
7 8 11
8 12 11
8 9 12
10 11 13
11 14 13
11 12 14
13 14 15
ZONE N=15, E=16, F=FEPOINT, ET=TRIANGLE
-0.105625 0.880116 0 0 0 0 
-0.079219 0.910087 0 0 0 0 
-0.0528127 0.940058 0 0 0 0 
-0.0264063 0.970029 0 0 0 0 
5.55112e-17 1 0 0 0 0 
-0.127992 0.905283 0 0 0 0 
-0.101703 0.936452 0 0 0 0 
-0.0753953 0.967623 0 0 0 0 
-0.0490677 0.998795 0 0 0 0 
-0.150358 0.93045 0 0 0 0 
-0.124207 0.962815 0 0 0 0 
-0.0980171 0.995185 0 0 0 0 
-0.172724 0.955618 0 0 0 0 
-0.14673 0.989177 0 0 0 0 
-0.19509 0.980785 0 0 0 0 
1 2 6
2 7 6
2 3 7
3 8 7
3 4 8
4 9 8
4 5 9
6 7 10
7 11 10
7 8 11
8 12 11
8 9 12
10 11 13
11 14 13
11 12 14
13 14 15
ZONE N=15, E=16, F=FEPOINT, ET=TRIANGLE
0.382683 0.92388 0 0 0 0 
0.379825 0.897654 0 0 0 0 
0.376966 0.871429 0 0 0 0 
0.374107 0.845203 0 0 0 0 
0.371249 0.818978 0 0 0 0 
0.405241 0.91421 0 0 0 0 
0.402258 0.88771 0 0 0 0 
0.399273 0.861211 0 0 0 0 
0.396286 0.834714 0 0 0 0 
0.427555 0.903989 0 0 0 0 
0.424441 0.877218 0 0 0 0 
0.421323 0.85045 0 0 0 0 
0.449611 0.893224 0 0 0 0 
0.44636 0.866185 0 0 0 0 
0.471397 0.881921 0 0 0 0 
1 2 6
2 7 6
2 3 7
3 8 7
3 4 8
4 9 8
4 5 9
6 7 10
7 11 10
7 8 11
8 12 11
8 9 12
10 11 13
11 14 13
11 12 14
13 14 15
ZONE N=15, E=16, F=FEPOINT, ET=TRIANGLE
0.450505 0.731489 0 0 0 0 
0.473887 0.726713 0 0 0 0 
0.497268 0.721938 0 0 0 0 
0.520649 0.717162 0 0 0 0 
0.54403 0.712386 0 0 0 0 
0.476772 0.756484 0 0 0 0 
0.500153 0.751709 0 0 0 0 
0.523534 0.746933 0 0 0 0 
0.546915 0.742157 0 0 0 0 
0.503038 0.781479 0 0 0 0 
0.526419 0.776704 0 0 0 0 
0.5498 0.771928 0 0 0 0 
0.529304 0.806474 0 0 0 0 
0.552685 0.801699 0 0 0 0 
0.55557 0.83147 0 0 0 0 
1 2 6
2 7 6
2 3 7
3 8 7
3 4 8
4 9 8
4 5 9
6 7 10
7 11 10
7 8 11
8 12 11
8 9 12
10 11 13
11 14 13
11 12 14
13 14 15
ZONE N=15, E=16, F=FEPOINT, ET=TRIANGLE
0.712399 0.593327 0 0 0 0 
0.742167 0.583888 0 0 0 0 
0.771935 0.574448 0 0 0 0 
0.801702 0.565009 0 0 0 0 
0.83147 0.55557 0 0 0 0 
0.711076 0.621772 0 0 0 0 
0.741774 0.613096 0 0 0 0 
0.772485 0.604405 0 0 0 0 
0.803208 0.595699 0 0 0 0 
0.709753 0.650217 0 0 0 0 
0.741369 0.64232 0 0 0 0 
0.77301 0.634393 0 0 0 0 
0.70843 0.678662 0 0 0 0 
0.740951 0.671559 0 0 0 0 
0.707107 0.707107 0 0 0 0 
1 2 6
2 7 6
2 3 7
3 8 7
3 4 8
4 9 8
4 5 9
6 7 10
7 11 10
7 8 11
8 12 11
8 9 12
10 11 13
11 14 13
11 12 14
13 14 15
ZONE N=15, E=16, F=FEPOINT, ET=TRIANGLE
0.634393 0.77301 0 0 0 0 
0.628338 0.740648 0 0 0 0 
0.622282 0.708285 0 0 0 0 
0.616227 0.675922 0 0 0 0 
0.610171 0.64356 0 0 0 0 
0.653173 0.757209 0 0 0 0 
0.646919 0.72462 0 0 0 0 
0.640663 0.692032 0 0 0 0 
0.634405 0.659446 0 0 0 0 
0.671559 0.740951 0 0 0 0 
0.665101 0.708141 0 0 0 0 
0.658639 0.675333 0 0 0 0 
0.689541 0.724247 0 0 0 0 
0.682873 0.69122 0 0 0 0 
0.707107 0.707107 0 0 0 0 
1 2 6
2 7 6
2 3 7
3 8 7
3 4 8
4 9 8
4 5 9
6 7 10
7 11 10
7 8 11
8 12 11
8 9 12
10 11 13
11 14 13
11 12 14
13 14 15
ZONE N=15, E=16, F=FEPOINT, ET=TRIANGLE
0.54403 0.712386 0 0 0 0 
0.560565 0.69518 0 0 0 0 
0.577101 0.677973 0 0 0 0 
0.593636 0.660766 0 0 0 0 
0.610171 0.64356 0 0 0 0 
0.566621 0.727542 0 0 0 0 
0.583156 0.710336 0 0 0 0 
0.599692 0.693129 0 0 0 0 
0.616227 0.675922 0 0 0 0 
0.589212 0.742698 0 0 0 0 
0.605747 0.725492 0 0 0 0 
0.622282 0.708285 0 0 0 0 
0.611802 0.757854 0 0 0 0 
0.628338 0.740648 0 0 0 0 
0.634393 0.77301 0 0 0 0 
1 2 6
2 7 6
2 3 7
3 8 7
3 4 8
4 9 8
4 5 9
6 7 10
7 11 10
7 8 11
8 12 11
8 9 12
10 11 13
11 14 13
11 12 14
13 14 15
ZONE N=15, E=16, F=FEPOINT, ET=TRIANGLE
0.92388 0.382683 0 0 0 0 
0.897198 0.394184 0 0 0 0 
0.870516 0.405685 0 0 0 0 
0.843834 0.417186 0 0 0 0 
0.817152 0.428687 0 0 0 0 
0.898219 0.365147 0 0 0 0 
0.871537 0.376648 0 0 0 0 
0.844855 0.388149 0 0 0 0 
0.818173 0.39965 0 0 0 0 
0.872558 0.347611 0 0 0 0 
0.845876 0.359112 0 0 0 0 
0.819194 0.370613 0 0 0 0 
0.846898 0.330075 0 0 0 0 
0.820216 0.341576 0 0 0 0 
0.821237 0.312538 0 0 0 0 
1 2 6
2 7 6
2 3 7
3 8 7
3 4 8
4 9 8
4 5 9
6 7 10
7 11 10
7 8 11
8 12 11
8 9 12
10 11 13
11 14 13
11 12 14
13 14 15
ZONE N=15, E=16, F=FEPOINT, ET=TRIANGLE
0.290285 0.95694 0 0 0 0 
0.310526 0.92245 0 0 0 0 
0.330767 0.887959 0 0 0 0 
0.351008 0.853469 0 0 0 0 
0.371249 0.818978 0 0 0 0 
0.313682 0.949528 0 0 0 0 
0.333826 0.914752 0 0 0 0 
0.353968 0.879977 0 0 0 0 
0.374107 0.845203 0 0 0 0 
0.33689 0.941544 0 0 0 0 
0.35693 0.906486 0 0 0 0 
0.376966 0.871429 0 0 0 0 
0.359895 0.932993 0 0 0 0 
0.379825 0.897654 0 0 0 0 
0.382683 0.92388 0 0 0 0 
1 2 6
2 7 6
2 3 7
3 8 7
3 4 8
4 9 8
4 5 9
6 7 10
7 11 10
7 8 11
8 12 11
8 9 12
10 11 13
11 14 13
11 12 14
13 14 15
ZONE N=15, E=16, F=FEPOINT, ET=TRIANGLE
0.471397 0.881921 0 0 0 0 
0.466174 0.844313 0 0 0 0 
0.460951 0.806705 0 0 0 0 
0.455728 0.769097 0 0 0 0 
0.450505 0.731489 0 0 0 0 
0.492898 0.870087 0 0 0 0 
0.487525 0.832218 0 0 0 0 
0.482149 0.794351 0 0 0 0 
0.476772 0.756484 0 0 0 0 
0.514103 0.857729 0 0 0 0 
0.508572 0.819603 0 0 0 0 
0.503038 0.781479 0 0 0 0 
0.534998 0.844854 0 0 0 0 
0.529304 0.806474 0 0 0 0 
0.55557 0.83147 0 0 0 0 
1 2 6
2 7 6
2 3 7
3 8 7
3 4 8
4 9 8
4 5 9
6 7 10
7 11 10
7 8 11
8 12 11
8 9 12
10 11 13
11 14 13
11 12 14
13 14 15
ZONE N=15, E=16, F=FEPOINT, ET=TRIANGLE
0.253691 0.817288 0 0 0 0 
0.283081 0.81771 0 0 0 0 
0.31247 0.818133 0 0 0 0 
0.341859 0.818555 0 0 0 0 
0.371249 0.818978 0 0 0 0 
0.26284 0.852201 0 0 0 0 
0.292229 0.852624 0 0 0 0 
0.321618 0.853046 0 0 0 0 
0.351008 0.853469 0 0 0 0 
0.271988 0.887114 0 0 0 0 
0.301377 0.887537 0 0 0 0 
0.330767 0.887959 0 0 0 0 
0.281136 0.922027 0 0 0 0 
0.310526 0.92245 0 0 0 0 
0.290285 0.95694 0 0 0 0 
1 2 6
2 7 6
2 3 7
3 8 7
3 4 8
4 9 8
4 5 9
6 7 10
7 11 10
7 8 11
8 12 11
8 9 12
10 11 13
11 14 13
11 12 14
13 14 15
ZONE N=15, E=16, F=FEPOINT, ET=TRIANGLE
0.55557 -0.83147 0 0 0 0 
0.529806 -0.816779 0 0 0 0 
0.504042 -0.802088 0 0 0 0 
0.478277 -0.787398 0 0 0 0 
0.452513 -0.772707 0 0 0 0 
0.514103 -0.857729 0 0 0 0 
0.487736 -0.841995 0 0 0 0 
0.461387 -0.826252 0 0 0 0 
0.435056 -0.8105 0 0 0 0 
0.471397 -0.881921 0 0 0 0 
0.44448 -0.865116 0 0 0 0 
0.417598 -0.848293 0 0 0 0 
0.427555 -0.903989 0 0 0 0 
0.400141 -0.886086 0 0 0 0 
0.382683 -0.92388 0 0 0 0 
1 2 6
2 7 6
2 3 7
3 8 7
3 4 8
4 9 8
4 5 9
6 7 10
7 11 10
7 8 11
8 12 11
8 9 12
10 11 13
11 14 13
11 12 14
13 14 15
ZONE N=15, E=16, F=FEPOINT, ET=TRIANGLE
0.55557 -0.83147 0 0 0 0 
0.550756 -0.785354 0 0 0 0 
0.545942 -0.739239 0 0 0 0 
0.541127 -0.693123 0 0 0 0 
0.536313 -0.647008 0 0 0 0 
0.529806 -0.816779 0 0 0 0 
0.524992 -0.770663 0 0 0 0 
0.520177 -0.724548 0 0 0 0 
0.515363 -0.678432 0 0 0 0 
0.504042 -0.802088 0 0 0 0 
0.499227 -0.755973 0 0 0 0 
0.494413 -0.709857 0 0 0 0 
0.478277 -0.787398 0 0 0 0 
0.473463 -0.741282 0 0 0 0 
0.452513 -0.772707 0 0 0 0 
1 2 6
2 7 6
2 3 7
3 8 7
3 4 8
4 9 8
4 5 9
6 7 10
7 11 10
7 8 11
8 12 11
8 9 12
10 11 13
11 14 13
11 12 14
13 14 15
ZONE N=15, E=16, F=FEPOINT, ET=TRIANGLE
0.382683 -0.92388 0 0 0 0 
0.377115 -0.896933 0 0 0 0 
0.371547 -0.869987 0 0 0 0 
0.365979 -0.84304 0 0 0 0 
0.360411 -0.816093 0 0 0 0 
0.359895 -0.932993 0 0 0 0 
0.354221 -0.905764 0 0 0 0 
0.348549 -0.878535 0 0 0 0 
0.342879 -0.851305 0 0 0 0 
0.33689 -0.941544 0 0 0 0 
0.331117 -0.914031 0 0 0 0 
0.325348 -0.886517 0 0 0 0 
0.313682 -0.949528 0 0 0 0 
0.307816 -0.921729 0 0 0 0 
0.290285 -0.95694 0 0 0 0 
1 2 6
2 7 6
2 3 7
3 8 7
3 4 8
4 9 8
4 5 9
6 7 10
7 11 10
7 8 11
8 12 11
8 9 12
10 11 13
11 14 13
11 12 14
13 14 15
ZONE N=15, E=16, F=FEPOINT, ET=TRIANGLE
-0.0980171 -0.995185 0 0 0 0 
-0.0735646 -0.99729 0 0 0 0 
-0.0490677 -0.998795 0 0 0 0 
-0.0245412 -0.999699 0 0 0 0 
-1.83881e-16 -1 0 0 0 0 
-0.0803145 -0.963862 0 0 0 0 
-0.0558422 -0.965667 0 0 0 0 
-0.031333 -0.966871 0 0 0 0 
-0.00680164 -0.967473 0 0 0 0 
-0.0626118 -0.932538 0 0 0 0 
-0.0381223 -0.934043 0 0 0 0 
-0.0136033 -0.934946 0 0 0 0 
-0.0449092 -0.901215 0 0 0 0 
-0.0204049 -0.902419 0 0 0 0 
-0.0272066 -0.869892 0 0 0 0 
1 2 6
2 7 6
2 3 7
3 8 7
3 4 8
4 9 8
4 5 9
6 7 10
7 11 10
7 8 11
8 12 11
8 9 12
10 11 13
11 14 13
11 12 14
13 14 15
ZONE N=15, E=16, F=FEPOINT, ET=TRIANGLE
0.243993 -0.782838 0 0 0 0 
0.22584 -0.801824 0 0 0 0 
0.207687 -0.82081 0 0 0 0 
0.189534 -0.839796 0 0 0 0 
0.171382 -0.858782 0 0 0 0 
0.255566 -0.826363 0 0 0 0 
0.237413 -0.845349 0 0 0 0 
0.21926 -0.864336 0 0 0 0 
0.201107 -0.883322 0 0 0 0 
0.267139 -0.869889 0 0 0 0 
0.248986 -0.888875 0 0 0 0 
0.230833 -0.907861 0 0 0 0 
0.278712 -0.913415 0 0 0 0 
0.260559 -0.932401 0 0 0 0 
0.290285 -0.95694 0 0 0 0 
1 2 6
2 7 6
2 3 7
3 8 7
3 4 8
4 9 8
4 5 9
6 7 10
7 11 10
7 8 11
8 12 11
8 9 12
10 11 13
11 14 13
11 12 14
13 14 15
ZONE N=15, E=16, F=FEPOINT, ET=TRIANGLE
-0.19509 -0.980785 0 0 0 0 
-0.213908 -0.950389 0 0 0 0 
-0.232726 -0.919992 0 0 0 0 
-0.251544 -0.889595 0 0 0 0 
-0.270361 -0.859198 0 0 0 0 
-0.24298 -0.970031 0 0 0 0 
-0.261486 -0.938472 0 0 0 0 
-0.279973 -0.906917 0 0 0 0 
-0.298442 -0.875369 0 0 0 0 
-0.290285 -0.95694 0 0 0 0 
-0.308422 -0.924234 0 0 0 0 
-0.326522 -0.891539 0 0 0 0 
-0.33689 -0.941544 0 0 0 0 
-0.354603 -0.907709 0 0 0 0 
-0.382683 -0.92388 0 0 0 0 
1 2 6
2 7 6
2 3 7
3 8 7
3 4 8
4 9 8
4 5 9
6 7 10
7 11 10
7 8 11
8 12 11
8 9 12
10 11 13
11 14 13
11 12 14
13 14 15
ZONE N=15, E=16, F=FEPOINT, ET=TRIANGLE
-0.613105 -0.658112 0 0 0 0 
-0.653081 -0.652182 0 0 0 0 
-0.693058 -0.646253 0 0 0 0 
-0.733034 -0.640323 0 0 0 0 
-0.77301 -0.634393 0 0 0 0 
-0.636605 -0.670361 0 0 0 0 
-0.676805 -0.664633 0 0 0 0 
-0.717006 -0.658904 0 0 0 0 
-0.757209 -0.653173 0 0 0 0 
-0.660106 -0.682609 0 0 0 0 
-0.700527 -0.677086 0 0 0 0 
-0.740951 -0.671559 0 0 0 0 
-0.683606 -0.694858 0 0 0 0 
-0.724247 -0.689541 0 0 0 0 
-0.707107 -0.707107 0 0 0 0 
1 2 6
2 7 6
2 3 7
3 8 7
3 4 8
4 9 8
4 5 9
6 7 10
7 11 10
7 8 11
8 12 11
8 9 12
10 11 13
11 14 13
11 12 14
13 14 15
ZONE N=15, E=16, F=FEPOINT, ET=TRIANGLE
-0.77301 -0.634393 0 0 0 0 
-0.75709 -0.603769 0 0 0 0 
-0.74117 -0.573145 0 0 0 0 
-0.72525 -0.542521 0 0 0 0 
-0.70933 -0.511897 0 0 0 0 
-0.788346 -0.615232 0 0 0 0 
-0.772187 -0.584424 0 0 0 0 
-0.756027 -0.553619 0 0 0 0 
-0.739865 -0.522815 0 0 0 0 
-0.803208 -0.595699 0 0 0 0 
-0.786805 -0.564714 0 0 0 0 
-0.7704 -0.533734 0 0 0 0 
-0.817585 -0.575808 0 0 0 0 
-0.800935 -0.544652 0 0 0 0 
-0.83147 -0.55557 0 0 0 0 
1 2 6
2 7 6
2 3 7
3 8 7
3 4 8
4 9 8
4 5 9
6 7 10
7 11 10
7 8 11
8 12 11
8 9 12
10 11 13
11 14 13
11 12 14
13 14 15
ZONE N=15, E=16, F=FEPOINT, ET=TRIANGLE
0.95694 0.290285 0 0 0 0 
0.923015 0.295848 0 0 0 0 
0.889089 0.301412 0 0 0 0 
0.855163 0.306975 0 0 0 0 
0.821237 0.312538 0 0 0 0 
0.92333 0.264769 0 0 0 0 
0.889404 0.270333 0 0 0 0 
0.855479 0.275896 0 0 0 0 
0.821553 0.28146 0 0 0 0 
0.88972 0.239254 0 0 0 0 
0.855794 0.244818 0 0 0 0 
0.821868 0.250381 0 0 0 0 
0.85611 0.213739 0 0 0 0 
0.822184 0.219302 0 0 0 0 
0.8225 0.188224 0 0 0 0 
1 2 6
2 7 6
2 3 7
3 8 7
3 4 8
4 9 8
4 5 9
6 7 10
7 11 10
7 8 11
8 12 11
8 9 12
10 11 13
11 14 13
11 12 14
13 14 15
ZONE N=15, E=16, F=FEPOINT, ET=TRIANGLE
0.00349201 0.8339 0 0 0 0 
0.00261901 0.875425 0 0 0 0 
0.001746 0.91695 0 0 0 0 
0.000873002 0.958475 0 0 0 0 
6.12323e-17 1 0 0 0 0 
-0.0237873 0.845454 0 0 0 0 
-0.0246603 0.886979 0 0 0 0 
-0.0255333 0.928504 0 0 0 0 
-0.0264063 0.970029 0 0 0 0 
-0.0510667 0.857008 0 0 0 0 
-0.0519397 0.898533 0 0 0 0 
-0.0528127 0.940058 0 0 0 0 
-0.078346 0.868562 0 0 0 0 
-0.079219 0.910087 0 0 0 0 
-0.105625 0.880116 0 0 0 0 
1 2 6
2 7 6
2 3 7
3 8 7
3 4 8
4 9 8
4 5 9
6 7 10
7 11 10
7 8 11
8 12 11
8 9 12
10 11 13
11 14 13
11 12 14
13 14 15
ZONE N=15, E=16, F=FEPOINT, ET=TRIANGLE
-0.19509 0.980785 0 0 0 0 
-0.203437 0.944897 0 0 0 0 
-0.211783 0.909008 0 0 0 0 
-0.220129 0.873119 0 0 0 0 
-0.228476 0.837231 0 0 0 0 
-0.172724 0.955618 0 0 0 0 
-0.18107 0.919729 0 0 0 0 
-0.189417 0.88384 0 0 0 0 
-0.197763 0.847952 0 0 0 0 
-0.150358 0.93045 0 0 0 0 
-0.158704 0.894562 0 0 0 0 
-0.16705 0.858673 0 0 0 0 
-0.127992 0.905283 0 0 0 0 
-0.136338 0.869394 0 0 0 0 
-0.105625 0.880116 0 0 0 0 
1 2 6
2 7 6
2 3 7
3 8 7
3 4 8
4 9 8
4 5 9
6 7 10
7 11 10
7 8 11
8 12 11
8 9 12
10 11 13
11 14 13
11 12 14
13 14 15
ZONE N=15, E=16, F=FEPOINT, ET=TRIANGLE
-0.382683 0.92388 0 0 0 0 
-0.368502 0.903982 0 0 0 0 
-0.35432 0.884085 0 0 0 0 
-0.340138 0.864188 0 0 0 0 
-0.325956 0.844291 0 0 0 0 
-0.359895 0.932993 0 0 0 0 
-0.345607 0.912814 0 0 0 0 
-0.331321 0.892634 0 0 0 0 
-0.317038 0.872454 0 0 0 0 
-0.33689 0.941544 0 0 0 0 
-0.322503 0.921081 0 0 0 0 
-0.30812 0.900616 0 0 0 0 
-0.313682 0.949528 0 0 0 0 
-0.299203 0.928778 0 0 0 0 
-0.290285 0.95694 0 0 0 0 
1 2 6
2 7 6
2 3 7
3 8 7
3 4 8
4 9 8
4 5 9
6 7 10
7 11 10
7 8 11
8 12 11
8 9 12
10 11 13
11 14 13
11 12 14
13 14 15
ZONE N=15, E=16, F=FEPOINT, ET=TRIANGLE
-0.442821 0.750516 0 0 0 0 
-0.449965 0.783368 0 0 0 0 
-0.457109 0.816219 0 0 0 0 
-0.464253 0.84907 0 0 0 0 
-0.471397 0.881921 0 0 0 0 
-0.471008 0.770755 0 0 0 0 
-0.478307 0.803864 0 0 0 0 
-0.485604 0.836975 0 0 0 0 
-0.492898 0.870087 0 0 0 0 
-0.499195 0.790993 0 0 0 0 
-0.506651 0.82436 0 0 0 0 
-0.514103 0.857729 0 0 0 0 
-0.527383 0.811231 0 0 0 0 
-0.534998 0.844854 0 0 0 0 
-0.55557 0.83147 0 0 0 0 
1 2 6
2 7 6
2 3 7
3 8 7
3 4 8
4 9 8
4 5 9
6 7 10
7 11 10
7 8 11
8 12 11
8 9 12
10 11 13
11 14 13
11 12 14
13 14 15
ZONE N=15, E=16, F=FEPOINT, ET=TRIANGLE
-0.290285 0.95694 0 0 0 0 
-0.274832 0.927013 0 0 0 0 
-0.25938 0.897085 0 0 0 0 
-0.243928 0.867158 0 0 0 0 
-0.228476 0.837231 0 0 0 0 
-0.266713 0.963776 0 0 0 0 
-0.251183 0.933558 0 0 0 0 
-0.235655 0.903339 0 0 0 0 
-0.220129 0.873119 0 0 0 0 
-0.24298 0.970031 0 0 0 0 
-0.227379 0.93952 0 0 0 0 
-0.211783 0.909008 0 0 0 0 
-0.219101 0.975702 0 0 0 0 
-0.203437 0.944897 0 0 0 0 
-0.19509 0.980785 0 0 0 0 
1 2 6
2 7 6
2 3 7
3 8 7
3 4 8
4 9 8
4 5 9
6 7 10
7 11 10
7 8 11
8 12 11
8 9 12
10 11 13
11 14 13
11 12 14
13 14 15
ZONE N=15, E=16, F=FEPOINT, ET=TRIANGLE
-0.55557 0.83147 0 0 0 0 
-0.55842 0.796654 0 0 0 0 
-0.561269 0.761838 0 0 0 0 
-0.564119 0.727022 0 0 0 0 
-0.566968 0.692206 0 0 0 0 
-0.527383 0.811231 0 0 0 0 
-0.530232 0.776415 0 0 0 0 
-0.533082 0.7416 0 0 0 0 
-0.535932 0.706784 0 0 0 0 
-0.499195 0.790993 0 0 0 0 
-0.502045 0.756177 0 0 0 0 
-0.504895 0.721361 0 0 0 0 
-0.471008 0.770755 0 0 0 0 
-0.473858 0.735939 0 0 0 0 
-0.442821 0.750516 0 0 0 0 
1 2 6
2 7 6
2 3 7
3 8 7
3 4 8
4 9 8
4 5 9
6 7 10
7 11 10
7 8 11
8 12 11
8 9 12
10 11 13
11 14 13
11 12 14
13 14 15
ZONE N=15, E=16, F=FEPOINT, ET=TRIANGLE
-0.471397 0.881921 0 0 0 0 
-0.435037 0.872514 0 0 0 0 
-0.398676 0.863106 0 0 0 0 
-0.362316 0.853699 0 0 0 0 
-0.325956 0.844291 0 0 0 0 
-0.449611 0.893224 0 0 0 0 
-0.413118 0.883547 0 0 0 0 
-0.376627 0.873868 0 0 0 0 
-0.340138 0.864188 0 0 0 0 
-0.427555 0.903989 0 0 0 0 
-0.390935 0.894038 0 0 0 0 
-0.35432 0.884085 0 0 0 0 
-0.405241 0.91421 0 0 0 0 
-0.368502 0.903982 0 0 0 0 
-0.382683 0.92388 0 0 0 0 
1 2 6
2 7 6
2 3 7
3 8 7
3 4 8
4 9 8
4 5 9
6 7 10
7 11 10
7 8 11
8 12 11
8 9 12
10 11 13
11 14 13
11 12 14
13 14 15
ZONE N=15, E=16, F=FEPOINT, ET=TRIANGLE
0.691218 0.414298 0 0 0 0 
0.726281 0.449616 0 0 0 0 
0.761344 0.484934 0 0 0 0 
0.796407 0.520252 0 0 0 0 
0.83147 0.55557 0 0 0 0 
0.682563 0.438014 0 0 0 0 
0.717626 0.473332 0 0 0 0 
0.752689 0.50865 0 0 0 0 
0.787752 0.543968 0 0 0 0 
0.673909 0.46173 0 0 0 0 
0.708972 0.497048 0 0 0 0 
0.744034 0.532366 0 0 0 0 
0.665254 0.485445 0 0 0 0 
0.700317 0.520763 0 0 0 0 
0.656599 0.509161 0 0 0 0 
1 2 6
2 7 6
2 3 7
3 8 7
3 4 8
4 9 8
4 5 9
6 7 10
7 11 10
7 8 11
8 12 11
8 9 12
10 11 13
11 14 13
11 12 14
13 14 15
ZONE N=15, E=16, F=FEPOINT, ET=TRIANGLE
0.634393 -0.77301 0 0 0 0 
0.635261 -0.737546 0 0 0 0 
0.636128 -0.702082 0 0 0 0 
0.636996 -0.666617 0 0 0 0 
0.637863 -0.631153 0 0 0 0 
0.609873 -0.74151 0 0 0 0 
0.610741 -0.706045 0 0 0 0 
0.611608 -0.670581 0 0 0 0 
0.612476 -0.635116 0 0 0 0 
0.585353 -0.710009 0 0 0 0 
0.586221 -0.674545 0 0 0 0 
0.587088 -0.63908 0 0 0 0 
0.560833 -0.678508 0 0 0 0 
0.561701 -0.643044 0 0 0 0 
0.536313 -0.647008 0 0 0 0 
1 2 6
2 7 6
2 3 7
3 8 7
3 4 8
4 9 8
4 5 9
6 7 10
7 11 10
7 8 11
8 12 11
8 9 12
10 11 13
11 14 13
11 12 14
13 14 15
ZONE N=15, E=16, F=FEPOINT, ET=TRIANGLE
0.634393 -0.77301 0 0 0 0 
0.609873 -0.74151 0 0 0 0 
0.585353 -0.710009 0 0 0 0 
0.560833 -0.678508 0 0 0 0 
0.536313 -0.647008 0 0 0 0 
0.615232 -0.788346 0 0 0 0 
0.590528 -0.756607 0 0 0 0 
0.565827 -0.724866 0 0 0 0 
0.541127 -0.693123 0 0 0 0 
0.595699 -0.803208 0 0 0 0 
0.570819 -0.771225 0 0 0 0 
0.545942 -0.739239 0 0 0 0 
0.575808 -0.817585 0 0 0 0 
0.550756 -0.785354 0 0 0 0 
0.55557 -0.83147 0 0 0 0 
1 2 6
2 7 6
2 3 7
3 8 7
3 4 8
4 9 8
4 5 9
6 7 10
7 11 10
7 8 11
8 12 11
8 9 12
10 11 13
11 14 13
11 12 14
13 14 15
ZONE N=15, E=16, F=FEPOINT, ET=TRIANGLE
0.881921 -0.471397 0 0 0 0 
0.873839 -0.433092 0 0 0 0 
0.865757 -0.394788 0 0 0 0 
0.857675 -0.356483 0 0 0 0 
0.849593 -0.318179 0 0 0 0 
0.852011 -0.45037 0 0 0 0 
0.843929 -0.412065 0 0 0 0 
0.835847 -0.373761 0 0 0 0 
0.827765 -0.335456 0 0 0 0 
0.822101 -0.429343 0 0 0 0 
0.814019 -0.391038 0 0 0 0 
0.805937 -0.352734 0 0 0 0 
0.792191 -0.408316 0 0 0 0 
0.784109 -0.370011 0 0 0 0 
0.762281 -0.387289 0 0 0 0 
1 2 6
2 7 6
2 3 7
3 8 7
3 4 8
4 9 8
4 5 9
6 7 10
7 11 10
7 8 11
8 12 11
8 9 12
10 11 13
11 14 13
11 12 14
13 14 15
ZONE N=15, E=16, F=FEPOINT, ET=TRIANGLE
0.19509 -0.980785 0 0 0 0 
0.166947 -0.964301 0 0 0 0 
0.138804 -0.947816 0 0 0 0 
0.110661 -0.931331 0 0 0 0 
0.0825181 -0.914846 0 0 0 0 
0.14673 -0.989177 0 0 0 0 
0.11843 -0.971498 0 0 0 0 
0.0901496 -0.953817 0 0 0 0 
0.0618885 -0.936135 0 0 0 0 
0.0980171 -0.995185 0 0 0 0 
0.0696185 -0.976306 0 0 0 0 
0.041259 -0.957423 0 0 0 0 
0.0490677 -0.998795 0 0 0 0 
0.0206295 -0.978712 0 0 0 0 
-1.80411e-16 -1 0 0 0 0 
1 2 6
2 7 6
2 3 7
3 8 7
3 4 8
4 9 8
4 5 9
6 7 10
7 11 10
7 8 11
8 12 11
8 9 12
10 11 13
11 14 13
11 12 14
13 14 15
ZONE N=15, E=16, F=FEPOINT, ET=TRIANGLE
-1.83697e-16 -1 0 0 0 0 
0.0206295 -0.978712 0 0 0 0 
0.041259 -0.957423 0 0 0 0 
0.0618885 -0.936135 0 0 0 0 
0.0825181 -0.914846 0 0 0 0 
-0.00680164 -0.967473 0 0 0 0 
0.0138279 -0.946185 0 0 0 0 
0.0344574 -0.924896 0 0 0 0 
0.0550869 -0.903608 0 0 0 0 
-0.0136033 -0.934946 0 0 0 0 
0.00702623 -0.913657 0 0 0 0 
0.0276557 -0.892369 0 0 0 0 
-0.0204049 -0.902419 0 0 0 0 
0.000224594 -0.88113 0 0 0 0 
-0.0272066 -0.869892 0 0 0 0 
1 2 6
2 7 6
2 3 7
3 8 7
3 4 8
4 9 8
4 5 9
6 7 10
7 11 10
7 8 11
8 12 11
8 9 12
10 11 13
11 14 13
11 12 14
13 14 15
ZONE N=15, E=16, F=FEPOINT, ET=TRIANGLE
-0.19509 -0.980785 0 0 0 0 
-0.170962 -0.985278 0 0 0 0 
-0.14673 -0.989177 0 0 0 0 
-0.122411 -0.99248 0 0 0 0 
-0.0980171 -0.995185 0 0 0 0 
-0.181505 -0.950537 0 0 0 0 
-0.157327 -0.954732 0 0 0 0 
-0.133054 -0.958333 0 0 0 0 
-0.1087 -0.961337 0 0 0 0 
-0.167919 -0.920289 0 0 0 0 
-0.143695 -0.924187 0 0 0 0 
-0.119383 -0.927489 0 0 0 0 
-0.154334 -0.890041 0 0 0 0 
-0.130065 -0.893641 0 0 0 0 
-0.140748 -0.859793 0 0 0 0 
1 2 6
2 7 6
2 3 7
3 8 7
3 4 8
4 9 8
4 5 9
6 7 10
7 11 10
7 8 11
8 12 11
8 9 12
10 11 13
11 14 13
11 12 14
13 14 15
ZONE N=15, E=16, F=FEPOINT, ET=TRIANGLE
0.19509 -0.980785 0 0 0 0 
0.189163 -0.950284 0 0 0 0 
0.183236 -0.919784 0 0 0 0 
0.177309 -0.889283 0 0 0 0 
0.171382 -0.858782 0 0 0 0 
0.166947 -0.964301 0 0 0 0 
0.16102 -0.9338 0 0 0 0 
0.155093 -0.903299 0 0 0 0 
0.149166 -0.872798 0 0 0 0 
0.138804 -0.947816 0 0 0 0 
0.132877 -0.917315 0 0 0 0 
0.12695 -0.886814 0 0 0 0 
0.110661 -0.931331 0 0 0 0 
0.104734 -0.90083 0 0 0 0 
0.0825181 -0.914846 0 0 0 0 
1 2 6
2 7 6
2 3 7
3 8 7
3 4 8
4 9 8
4 5 9
6 7 10
7 11 10
7 8 11
8 12 11
8 9 12
10 11 13
11 14 13
11 12 14
13 14 15
ZONE N=15, E=16, F=FEPOINT, ET=TRIANGLE
-0.0272066 -0.869892 0 0 0 0 
-0.055592 -0.867367 0 0 0 0 
-0.0839774 -0.864842 0 0 0 0 
-0.112363 -0.862318 0 0 0 0 
-0.140748 -0.859793 0 0 0 0 
-0.0449092 -0.901215 0 0 0 0 
-0.0732946 -0.89869 0 0 0 0 
-0.10168 -0.896166 0 0 0 0 
-0.130065 -0.893641 0 0 0 0 
-0.0626118 -0.932538 0 0 0 0 
-0.0909973 -0.930014 0 0 0 0 
-0.119383 -0.927489 0 0 0 0 
-0.0803145 -0.963862 0 0 0 0 
-0.1087 -0.961337 0 0 0 0 
-0.0980171 -0.995185 0 0 0 0 
1 2 6
2 7 6
2 3 7
3 8 7
3 4 8
4 9 8
4 5 9
6 7 10
7 11 10
7 8 11
8 12 11
8 9 12
10 11 13
11 14 13
11 12 14
13 14 15
ZONE N=15, E=16, F=FEPOINT, ET=TRIANGLE
0.19509 -0.980785 0 0 0 0 
0.219101 -0.975702 0 0 0 0 
0.24298 -0.970031 0 0 0 0 
0.266713 -0.963776 0 0 0 0 
0.290285 -0.95694 0 0 0 0 
0.189163 -0.950284 0 0 0 0 
0.213106 -0.944908 0 0 0 0 
0.236909 -0.938946 0 0 0 0 
0.260559 -0.932401 0 0 0 0 
0.183236 -0.919784 0 0 0 0 
0.207108 -0.914115 0 0 0 0 
0.230833 -0.907861 0 0 0 0 
0.177309 -0.889283 0 0 0 0 
0.201107 -0.883322 0 0 0 0 
0.171382 -0.858782 0 0 0 0 
1 2 6
2 7 6
2 3 7
3 8 7
3 4 8
4 9 8
4 5 9
6 7 10
7 11 10
7 8 11
8 12 11
8 9 12
10 11 13
11 14 13
11 12 14
13 14 15
ZONE N=15, E=16, F=FEPOINT, ET=TRIANGLE
-0.396821 -0.769462 0 0 0 0 
-0.415465 -0.797577 0 0 0 0 
-0.434109 -0.825691 0 0 0 0 
-0.452753 -0.853806 0 0 0 0 
-0.471397 -0.881921 0 0 0 0 
-0.393287 -0.808066 0 0 0 0 
-0.412059 -0.836453 0 0 0 0 
-0.430834 -0.864839 0 0 0 0 
-0.449611 -0.893224 0 0 0 0 
-0.389752 -0.846671 0 0 0 0 
-0.408651 -0.875331 0 0 0 0 
-0.427555 -0.903989 0 0 0 0 
-0.386218 -0.885275 0 0 0 0 
-0.405241 -0.91421 0 0 0 0 
-0.382683 -0.92388 0 0 0 0 
1 2 6
2 7 6
2 3 7
3 8 7
3 4 8
4 9 8
4 5 9
6 7 10
7 11 10
7 8 11
8 12 11
8 9 12
10 11 13
11 14 13
11 12 14
13 14 15
ZONE N=15, E=16, F=FEPOINT, ET=TRIANGLE
0.95694 -0.290285 0 0 0 0 
0.930103 -0.297258 0 0 0 0 
0.903267 -0.304232 0 0 0 0 
0.87643 -0.311205 0 0 0 0 
0.849593 -0.318179 0 0 0 0 
0.949528 -0.313682 0 0 0 0 
0.922406 -0.320558 0 0 0 0 
0.895285 -0.327433 0 0 0 0 
0.868165 -0.334305 0 0 0 0 
0.941544 -0.33689 0 0 0 0 
0.914139 -0.343663 0 0 0 0 
0.886736 -0.350431 0 0 0 0 
0.932993 -0.359895 0 0 0 0 
0.905308 -0.366557 0 0 0 0 
0.92388 -0.382683 0 0 0 0 
1 2 6
2 7 6
2 3 7
3 8 7
3 4 8
4 9 8
4 5 9
6 7 10
7 11 10
7 8 11
8 12 11
8 9 12
10 11 13
11 14 13
11 12 14
13 14 15
ZONE N=15, E=16, F=FEPOINT, ET=TRIANGLE
1 -2.44929e-16 0 0 0 0 
0.978271 0.0205418 0 0 0 0 
0.956541 0.0410836 0 0 0 0 
0.934812 0.0616255 0 0 0 0 
0.913083 0.0821673 0 0 0 0 
0.964937 -0.0062229 0 0 0 0 
0.943208 0.0143189 0 0 0 0 
0.921479 0.0348607 0 0 0 0 
0.89975 0.0554026 0 0 0 0 
0.929875 -0.0124458 0 0 0 0 
0.908145 0.00809602 0 0 0 0 
0.886416 0.0286378 0 0 0 0 
0.894812 -0.0186687 0 0 0 0 
0.873083 0.00187312 0 0 0 0 
0.859749 -0.0248916 0 0 0 0 
1 2 6
2 7 6
2 3 7
3 8 7
3 4 8
4 9 8
4 5 9
6 7 10
7 11 10
7 8 11
8 12 11
8 9 12
10 11 13
11 14 13
11 12 14
13 14 15
ZONE N=15, E=16, F=FEPOINT, ET=TRIANGLE
0.882139 -0.12574 0 0 0 0 
0.9068 -0.143078 0 0 0 0 
0.931462 -0.160415 0 0 0 0 
0.956124 -0.177753 0 0 0 0 
0.980785 -0.19509 0 0 0 0 
0.9104 -0.118809 0 0 0 0 
0.93536 -0.136191 0 0 0 0 
0.960319 -0.153575 0 0 0 0 
0.985278 -0.170962 0 0 0 0 
0.938662 -0.111879 0 0 0 0 
0.96392 -0.129302 0 0 0 0 
0.989177 -0.14673 0 0 0 0 
0.966923 -0.104948 0 0 0 0 
0.99248 -0.122411 0 0 0 0 
0.995185 -0.0980171 0 0 0 0 
1 2 6
2 7 6
2 3 7
3 8 7
3 4 8
4 9 8
4 5 9
6 7 10
7 11 10
7 8 11
8 12 11
8 9 12
10 11 13
11 14 13
11 12 14
13 14 15
ZONE N=15, E=16, F=FEPOINT, ET=TRIANGLE
0.859749 -0.0248916 0 0 0 0 
0.893608 -0.043173 0 0 0 0 
0.927467 -0.0614544 0 0 0 0 
0.961326 -0.0797358 0 0 0 0 
0.995185 -0.0980171 0 0 0 0 
0.894812 -0.0186687 0 0 0 0 
0.928972 -0.0369649 0 0 0 0 
0.963131 -0.0552635 0 0 0 0 
0.99729 -0.0735646 0 0 0 0 
0.929875 -0.0124458 0 0 0 0 
0.964335 -0.0307543 0 0 0 0 
0.998795 -0.0490677 0 0 0 0 
0.964937 -0.0062229 0 0 0 0 
0.999699 -0.0245412 0 0 0 0 
1 -2.46331e-16 0 0 0 0 
1 2 6
2 7 6
2 3 7
3 8 7
3 4 8
4 9 8
4 5 9
6 7 10
7 11 10
7 8 11
8 12 11
8 9 12
10 11 13
11 14 13
11 12 14
13 14 15
ZONE N=15, E=16, F=FEPOINT, ET=TRIANGLE
0.822556 -0.215434 0 0 0 0 
0.856152 -0.234146 0 0 0 0 
0.889748 -0.252859 0 0 0 0 
0.923344 -0.271572 0 0 0 0 
0.95694 -0.290285 0 0 0 0 
0.862113 -0.210348 0 0 0 0 
0.896001 -0.229134 0 0 0 0 
0.929889 -0.247922 0 0 0 0 
0.963776 -0.266713 0 0 0 0 
0.901671 -0.205262 0 0 0 0 
0.935852 -0.224119 0 0 0 0 
0.970031 -0.24298 0 0 0 0 
0.941228 -0.200176 0 0 0 0 
0.975702 -0.219101 0 0 0 0 
0.980785 -0.19509 0 0 0 0 
1 2 6
2 7 6
2 3 7
3 8 7
3 4 8
4 9 8
4 5 9
6 7 10
7 11 10
7 8 11
8 12 11
8 9 12
10 11 13
11 14 13
11 12 14
13 14 15
ZONE N=15, E=16, F=FEPOINT, ET=TRIANGLE
0.859749 -0.0248916 0 0 0 0 
0.865347 -0.0501038 0 0 0 0 
0.870944 -0.0753159 0 0 0 0 
0.876542 -0.100528 0 0 0 0 
0.882139 -0.12574 0 0 0 0 
0.893608 -0.043173 0 0 0 0 
0.899206 -0.0683851 0 0 0 0 
0.904803 -0.0935973 0 0 0 0 
0.9104 -0.118809 0 0 0 0 
0.927467 -0.0614544 0 0 0 0 
0.933064 -0.0866665 0 0 0 0 
0.938662 -0.111879 0 0 0 0 
0.961326 -0.0797358 0 0 0 0 
0.966923 -0.104948 0 0 0 0 
0.995185 -0.0980171 0 0 0 0 
1 2 6
2 7 6
2 3 7
3 8 7
3 4 8
4 9 8
4 5 9
6 7 10
7 11 10
7 8 11
8 12 11
8 9 12
10 11 13
11 14 13
11 12 14
13 14 15
ZONE N=15, E=16, F=FEPOINT, ET=TRIANGLE
0.882139 -0.12574 0 0 0 0 
0.867243 -0.148164 0 0 0 0 
0.852347 -0.170587 0 0 0 0 
0.837452 -0.19301 0 0 0 0 
0.822556 -0.215434 0 0 0 0 
0.9068 -0.143078 0 0 0 0 
0.891905 -0.165501 0 0 0 0 
0.877009 -0.187925 0 0 0 0 
0.862113 -0.210348 0 0 0 0 
0.931462 -0.160415 0 0 0 0 
0.916566 -0.182839 0 0 0 0 
0.901671 -0.205262 0 0 0 0 
0.956124 -0.177753 0 0 0 0 
0.941228 -0.200176 0 0 0 0 
0.980785 -0.19509 0 0 0 0 
1 2 6
2 7 6
2 3 7
3 8 7
3 4 8
4 9 8
4 5 9
6 7 10
7 11 10
7 8 11
8 12 11
8 9 12
10 11 13
11 14 13
11 12 14
13 14 15
ZONE N=15, E=16, F=FEPOINT, ET=TRIANGLE
0.849593 -0.318179 0 0 0 0 
0.87643 -0.311205 0 0 0 0 
0.903267 -0.304232 0 0 0 0 
0.930103 -0.297258 0 0 0 0 
0.95694 -0.290285 0 0 0 0 
0.842834 -0.292493 0 0 0 0 
0.869671 -0.285519 0 0 0 0 
0.896507 -0.278545 0 0 0 0 
0.923344 -0.271572 0 0 0 0 
0.836074 -0.266806 0 0 0 0 
0.862911 -0.259833 0 0 0 0 
0.889748 -0.252859 0 0 0 0 
0.829315 -0.24112 0 0 0 0 
0.856152 -0.234146 0 0 0 0 
0.822556 -0.215434 0 0 0 0 
1 2 6
2 7 6
2 3 7
3 8 7
3 4 8
4 9 8
4 5 9
6 7 10
7 11 10
7 8 11
8 12 11
8 9 12
10 11 13
11 14 13
11 12 14
13 14 15
ZONE N=15, E=16, F=FEPOINT, ET=TRIANGLE
0.913083 0.0821673 0 0 0 0 
0.934812 0.0616255 0 0 0 0 
0.956541 0.0410836 0 0 0 0 
0.978271 0.0205418 0 0 0 0 
1 -2.498e-16 0 0 0 0 
0.930008 0.110398 0 0 0 0 
0.952936 0.0899742 0 0 0 0 
0.975865 0.0695308 0 0 0 0 
0.998795 0.0490677 0 0 0 0 
0.946934 0.138629 0 0 0 0 
0.971057 0.118343 0 0 0 0 
0.995185 0.0980171 0 0 0 0 
0.96386 0.16686 0 0 0 0 
0.989177 0.14673 0 0 0 0 
0.980785 0.19509 0 0 0 0 
1 2 6
2 7 6
2 3 7
3 8 7
3 4 8
4 9 8
4 5 9
6 7 10
7 11 10
7 8 11
8 12 11
8 9 12
10 11 13
11 14 13
11 12 14
13 14 15
ZONE N=15, E=16, F=FEPOINT, ET=TRIANGLE
0.8225 0.188224 0 0 0 0 
0.845146 0.161709 0 0 0 0 
0.867791 0.135195 0 0 0 0 
0.890437 0.108681 0 0 0 0 
0.913083 0.0821673 0 0 0 0 
0.862071 0.18994 0 0 0 0 
0.884717 0.163426 0 0 0 0 
0.907363 0.136912 0 0 0 0 
0.930008 0.110398 0 0 0 0 
0.901643 0.191657 0 0 0 0 
0.924288 0.165143 0 0 0 0 
0.946934 0.138629 0 0 0 0 
0.941214 0.193374 0 0 0 0 
0.96386 0.16686 0 0 0 0 
0.980785 0.19509 0 0 0 0 
1 2 6
2 7 6
2 3 7
3 8 7
3 4 8
4 9 8
4 5 9
6 7 10
7 11 10
7 8 11
8 12 11
8 9 12
10 11 13
11 14 13
11 12 14
13 14 15
ZONE N=15, E=16, F=FEPOINT, ET=TRIANGLE
0.92388 0.382683 0 0 0 0 
0.898219 0.365147 0 0 0 0 
0.872558 0.347611 0 0 0 0 
0.846898 0.330075 0 0 0 0 
0.821237 0.312538 0 0 0 0 
0.932993 0.359895 0 0 0 0 
0.90705 0.342253 0 0 0 0 
0.881107 0.324613 0 0 0 0 
0.855163 0.306975 0 0 0 0 
0.941544 0.33689 0 0 0 0 
0.915317 0.319148 0 0 0 0 
0.889089 0.301412 0 0 0 0 
0.949528 0.313682 0 0 0 0 
0.923015 0.295848 0 0 0 0 
0.95694 0.290285 0 0 0 0 
1 2 6
2 7 6
2 3 7
3 8 7
3 4 8
4 9 8
4 5 9
6 7 10
7 11 10
7 8 11
8 12 11
8 9 12
10 11 13
11 14 13
11 12 14
13 14 15
ZONE N=15, E=16, F=FEPOINT, ET=TRIANGLE
0.694621 -0.545466 0 0 0 0 
0.728833 -0.547992 0 0 0 0 
0.763045 -0.550518 0 0 0 0 
0.797257 -0.553044 0 0 0 0 
0.83147 -0.55557 0 0 0 0 
0.711536 -0.505921 0 0 0 0 
0.745748 -0.508448 0 0 0 0 
0.77996 -0.510974 0 0 0 0 
0.814172 -0.5135 0 0 0 0 
0.728451 -0.466377 0 0 0 0 
0.762663 -0.468903 0 0 0 0 
0.796875 -0.47143 0 0 0 0 
0.745366 -0.426833 0 0 0 0 
0.779578 -0.429359 0 0 0 0 
0.762281 -0.387289 0 0 0 0 
1 2 6
2 7 6
2 3 7
3 8 7
3 4 8
4 9 8
4 5 9
6 7 10
7 11 10
7 8 11
8 12 11
8 9 12
10 11 13
11 14 13
11 12 14
13 14 15
ZONE N=15, E=16, F=FEPOINT, ET=TRIANGLE
0.92388 -0.382683 0 0 0 0 
0.905308 -0.366557 0 0 0 0 
0.886736 -0.350431 0 0 0 0 
0.868165 -0.334305 0 0 0 0 
0.849593 -0.318179 0 0 0 0 
0.91421 -0.405241 0 0 0 0 
0.895364 -0.388991 0 0 0 0 
0.876519 -0.372738 0 0 0 0 
0.857675 -0.356483 0 0 0 0 
0.903989 -0.427555 0 0 0 0 
0.884872 -0.411174 0 0 0 0 
0.865757 -0.394788 0 0 0 0 
0.893224 -0.449611 0 0 0 0 
0.873839 -0.433092 0 0 0 0 
0.881921 -0.471397 0 0 0 0 
1 2 6
2 7 6
2 3 7
3 8 7
3 4 8
4 9 8
4 5 9
6 7 10
7 11 10
7 8 11
8 12 11
8 9 12
10 11 13
11 14 13
11 12 14
13 14 15
ZONE N=15, E=16, F=FEPOINT, ET=TRIANGLE
0.694621 -0.545466 0 0 0 0 
0.697743 -0.585876 0 0 0 0 
0.700864 -0.626286 0 0 0 0 
0.703985 -0.666697 0 0 0 0 
0.707107 -0.707107 0 0 0 0 
0.728833 -0.547992 0 0 0 0 
0.732885 -0.589166 0 0 0 0 
0.736925 -0.630355 0 0 0 0 
0.740951 -0.671559 0 0 0 0 
0.763045 -0.550518 0 0 0 0 
0.76804 -0.59244 0 0 0 0 
0.77301 -0.634393 0 0 0 0 
0.797257 -0.553044 0 0 0 0 
0.803208 -0.595699 0 0 0 0 
0.83147 -0.55557 0 0 0 0 
1 2 6
2 7 6
2 3 7
3 8 7
3 4 8
4 9 8
4 5 9
6 7 10
7 11 10
7 8 11
8 12 11
8 9 12
10 11 13
11 14 13
11 12 14
13 14 15
ZONE N=15, E=16, F=FEPOINT, ET=TRIANGLE
0.83147 0.55557 0 0 0 0 
0.82789 0.523849 0 0 0 0 
0.824311 0.492129 0 0 0 0 
0.820731 0.460408 0 0 0 0 
0.817152 0.428687 0 0 0 0 
0.857729 0.514103 0 0 0 0 
0.853106 0.48178 0 0 0 0 
0.848475 0.449474 0 0 0 0 
0.843834 0.417186 0 0 0 0 
0.881921 0.471397 0 0 0 0 
0.876228 0.438523 0 0 0 0 
0.870516 0.405685 0 0 0 0 
0.903989 0.427555 0 0 0 0 
0.897198 0.394184 0 0 0 0 
0.92388 0.382683 0 0 0 0 
1 2 6
2 7 6
2 3 7
3 8 7
3 4 8
4 9 8
4 5 9
6 7 10
7 11 10
7 8 11
8 12 11
8 9 12
10 11 13
11 14 13
11 12 14
13 14 15
ZONE N=15, E=16, F=FEPOINT, ET=TRIANGLE
0.95694 0.290285 0 0 0 0 
0.92333 0.264769 0 0 0 0 
0.88972 0.239254 0 0 0 0 
0.85611 0.213739 0 0 0 0 
0.8225 0.188224 0 0 0 0 
0.963776 0.266713 0 0 0 0 
0.929875 0.24112 0 0 0 0 
0.895973 0.215529 0 0 0 0 
0.862071 0.18994 0 0 0 0 
0.970031 0.24298 0 0 0 0 
0.935838 0.217316 0 0 0 0 
0.901643 0.191657 0 0 0 0 
0.975702 0.219101 0 0 0 0 
0.941214 0.193374 0 0 0 0 
0.980785 0.19509 0 0 0 0 
1 2 6
2 7 6
2 3 7
3 8 7
3 4 8
4 9 8
4 5 9
6 7 10
7 11 10
7 8 11
8 12 11
8 9 12
10 11 13
11 14 13
11 12 14
13 14 15
ZONE N=15, E=16, F=FEPOINT, ET=TRIANGLE
0.817152 0.428687 0 0 0 0 
0.820731 0.460408 0 0 0 0 
0.824311 0.492129 0 0 0 0 
0.82789 0.523849 0 0 0 0 
0.83147 0.55557 0 0 0 0 
0.785668 0.42509 0 0 0 0 
0.789248 0.45681 0 0 0 0 
0.792827 0.488531 0 0 0 0 
0.796407 0.520252 0 0 0 0 
0.754185 0.421492 0 0 0 0 
0.757764 0.453213 0 0 0 0 
0.761344 0.484934 0 0 0 0 
0.722701 0.417895 0 0 0 0 
0.726281 0.449616 0 0 0 0 
0.691218 0.414298 0 0 0 0 
1 2 6
2 7 6
2 3 7
3 8 7
3 4 8
4 9 8
4 5 9
6 7 10
7 11 10
7 8 11
8 12 11
8 9 12
10 11 13
11 14 13
11 12 14
13 14 15
ZONE N=15, E=16, F=FEPOINT, ET=TRIANGLE
-0.471397 -0.881921 0 0 0 0 
-0.452753 -0.853806 0 0 0 0 
-0.434109 -0.825691 0 0 0 0 
-0.415465 -0.797577 0 0 0 0 
-0.396821 -0.769462 0 0 0 0 
-0.492898 -0.870087 0 0 0 0 
-0.474104 -0.841711 0 0 0 0 
-0.455307 -0.813337 0 0 0 0 
-0.436508 -0.784964 0 0 0 0 
-0.514103 -0.857729 0 0 0 0 
-0.495151 -0.829096 0 0 0 0 
-0.476196 -0.800466 0 0 0 0 
-0.534998 -0.844854 0 0 0 0 
-0.515883 -0.815968 0 0 0 0 
-0.55557 -0.83147 0 0 0 0 
1 2 6
2 7 6
2 3 7
3 8 7
3 4 8
4 9 8
4 5 9
6 7 10
7 11 10
7 8 11
8 12 11
8 9 12
10 11 13
11 14 13
11 12 14
13 14 15
ZONE N=15, E=16, F=FEPOINT, ET=TRIANGLE
-0.508104 -0.672665 0 0 0 0 
-0.519971 -0.712366 0 0 0 0 
-0.531837 -0.752067 0 0 0 0 
-0.543704 -0.791768 0 0 0 0 
-0.55557 -0.83147 0 0 0 0 
-0.480283 -0.696864 0 0 0 0 
-0.49215 -0.736565 0 0 0 0 
-0.504016 -0.776266 0 0 0 0 
-0.515883 -0.815968 0 0 0 0 
-0.452463 -0.721063 0 0 0 0 
-0.464329 -0.760764 0 0 0 0 
-0.476196 -0.800466 0 0 0 0 
-0.424642 -0.745262 0 0 0 0 
-0.436508 -0.784964 0 0 0 0 
-0.396821 -0.769462 0 0 0 0 
1 2 6
2 7 6
2 3 7
3 8 7
3 4 8
4 9 8
4 5 9
6 7 10
7 11 10
7 8 11
8 12 11
8 9 12
10 11 13
11 14 13
11 12 14
13 14 15
ZONE N=15, E=16, F=FEPOINT, ET=TRIANGLE
-0.707107 -0.707107 0 0 0 0 
-0.671559 -0.740951 0 0 0 0 
-0.634393 -0.77301 0 0 0 0 
-0.595699 -0.803208 0 0 0 0 
-0.55557 -0.83147 0 0 0 0 
-0.683606 -0.694858 0 0 0 0 
-0.647265 -0.727797 0 0 0 0 
-0.60935 -0.758913 0 0 0 0 
-0.569954 -0.78813 0 0 0 0 
-0.660106 -0.682609 0 0 0 0 
-0.622985 -0.71463 0 0 0 0 
-0.584337 -0.744791 0 0 0 0 
-0.636605 -0.670361 0 0 0 0 
-0.598721 -0.701451 0 0 0 0 
-0.613105 -0.658112 0 0 0 0 
1 2 6
2 7 6
2 3 7
3 8 7
3 4 8
4 9 8
4 5 9
6 7 10
7 11 10
7 8 11
8 12 11
8 9 12
10 11 13
11 14 13
11 12 14
13 14 15
ZONE N=15, E=16, F=FEPOINT, ET=TRIANGLE
0.637863 -0.631153 0 0 0 0 
0.655174 -0.650141 0 0 0 0 
0.672485 -0.66913 0 0 0 0 
0.689796 -0.688118 0 0 0 0 
0.707107 -0.707107 0 0 0 0 
0.652052 -0.609731 0 0 0 0 
0.669363 -0.628719 0 0 0 0 
0.686674 -0.647708 0 0 0 0 
0.703985 -0.666697 0 0 0 0 
0.666242 -0.588309 0 0 0 0 
0.683553 -0.607298 0 0 0 0 
0.700864 -0.626286 0 0 0 0 
0.680432 -0.566887 0 0 0 0 
0.697743 -0.585876 0 0 0 0 
0.694621 -0.545466 0 0 0 0 
1 2 6
2 7 6
2 3 7
3 8 7
3 4 8
4 9 8
4 5 9
6 7 10
7 11 10
7 8 11
8 12 11
8 9 12
10 11 13
11 14 13
11 12 14
13 14 15
ZONE N=15, E=16, F=FEPOINT, ET=TRIANGLE
0.881921 -0.471397 0 0 0 0 
0.852011 -0.45037 0 0 0 0 
0.822101 -0.429343 0 0 0 0 
0.792191 -0.408316 0 0 0 0 
0.762281 -0.387289 0 0 0 0 
0.870087 -0.492898 0 0 0 0 
0.839916 -0.471721 0 0 0 0 
0.809746 -0.450541 0 0 0 0 
0.779578 -0.429359 0 0 0 0 
0.857729 -0.514103 0 0 0 0 
0.827301 -0.492768 0 0 0 0 
0.796875 -0.47143 0 0 0 0 
0.844854 -0.534998 0 0 0 0 
0.814172 -0.5135 0 0 0 0 
0.83147 -0.55557 0 0 0 0 
1 2 6
2 7 6
2 3 7
3 8 7
3 4 8
4 9 8
4 5 9
6 7 10
7 11 10
7 8 11
8 12 11
8 9 12
10 11 13
11 14 13
11 12 14
13 14 15
