ZONE N=15, E=16, F=FEPOINT, ET=TRIANGLE
-0.551811 -0.368708 0 0 0 0 
-0.621726 -0.415424 0 0 0 0 
-0.69164 -0.462139 0 0 0 0 
-0.761555 -0.508855 0 0 0 0 
-0.83147 -0.55557 0 0 0 0 
-0.590635 -0.453308 0 0 0 0 
-0.66055 -0.500023 0 0 0 0 
-0.730464 -0.546739 0 0 0 0 
-0.800379 -0.593454 0 0 0 0 
-0.629459 -0.537908 0 0 0 0 
-0.699374 -0.584623 0 0 0 0 
-0.769288 -0.631339 0 0 0 0 
-0.668283 -0.622507 0 0 0 0 
-0.738197 -0.669223 0 0 0 0 
-0.707107 -0.707107 0 0 0 0 
1 2 6
2 7 6
2 3 7
3 8 7
3 4 8
4 9 8
4 5 9
6 7 10
7 11 10
7 8 11
8 12 11
8 9 12
10 11 13
11 14 13
11 12 14
13 14 15
ZONE N=15, E=16, F=FEPOINT, ET=TRIANGLE
0.5 0 0 0 0 0 
0.512953 -0.0921771 0 0 0 0 
0.525906 -0.184354 0 0 0 0 
0.538858 -0.276531 0 0 0 0 
0.551811 -0.368708 0 0 0 0 
0.5625 -0.0372961 0 0 0 0 
0.575453 -0.129473 0 0 0 0 
0.588406 -0.22165 0 0 0 0 
0.601358 -0.313827 0 0 0 0 
0.625 -0.0745921 0 0 0 0 
0.637953 -0.166769 0 0 0 0 
0.650906 -0.258946 0 0 0 0 
0.6875 -0.111888 0 0 0 0 
0.700453 -0.204065 0 0 0 0 
0.75 -0.149184 0 0 0 0 
1 2 6
2 7 6
2 3 7
3 8 7
3 4 8
4 9 8
4 5 9
6 7 10
7 11 10
7 8 11
8 12 11
8 9 12
10 11 13
11 14 13
11 12 14
13 14 15
ZONE N=15, E=16, F=FEPOINT, ET=TRIANGLE
-0.383237 -0.204402 0 0 0 0 
-0.425381 -0.245479 0 0 0 0 
-0.467524 -0.286555 0 0 0 0 
-0.509668 -0.327632 0 0 0 0 
-0.551811 -0.368708 0 0 0 0 
-0.34055 -0.244913 0 0 0 0 
-0.382693 -0.28599 0 0 0 0 
-0.424837 -0.327066 0 0 0 0 
-0.46698 -0.368143 0 0 0 0 
-0.297862 -0.285424 0 0 0 0 
-0.340006 -0.3265 0 0 0 0 
-0.382149 -0.367577 0 0 0 0 
-0.255175 -0.325935 0 0 0 0 
-0.297318 -0.367011 0 0 0 0 
-0.212488 -0.366446 0 0 0 0 
1 2 6
2 7 6
2 3 7
3 8 7
3 4 8
4 9 8
4 5 9
6 7 10
7 11 10
7 8 11
8 12 11
8 9 12
10 11 13
11 14 13
11 12 14
13 14 15
ZONE N=15, E=16, F=FEPOINT, ET=TRIANGLE
0.0193408 -0.256044 0 0 0 0 
0.0393696 -0.317033 0 0 0 0 
0.0593985 -0.378022 0 0 0 0 
0.0794273 -0.439011 0 0 0 0 
0.0994562 -0.5 0 0 0 0 
0.0863902 -0.267808 0 0 0 0 
0.106419 -0.328797 0 0 0 0 
0.126448 -0.389786 0 0 0 0 
0.146477 -0.450775 0 0 0 0 
0.15344 -0.279573 0 0 0 0 
0.173469 -0.340561 0 0 0 0 
0.193497 -0.40155 0 0 0 0 
0.220489 -0.291337 0 0 0 0 
0.240518 -0.352325 0 0 0 0 
0.287539 -0.303101 0 0 0 0 
1 2 6
2 7 6
2 3 7
3 8 7
3 4 8
4 9 8
4 5 9
6 7 10
7 11 10
7 8 11
8 12 11
8 9 12
10 11 13
11 14 13
11 12 14
13 14 15
ZONE N=15, E=16, F=FEPOINT, ET=TRIANGLE
0.413242 -0.629842 0 0 0 0 
0.334796 -0.597381 0 0 0 0 
0.256349 -0.564921 0 0 0 0 
0.177903 -0.53246 0 0 0 0 
0.0994562 -0.5 0 0 0 0 
0.348252 -0.665031 0 0 0 0 
0.269806 -0.63257 0 0 0 0 
0.191359 -0.60011 0 0 0 0 
0.112913 -0.56765 0 0 0 0 
0.283262 -0.70022 0 0 0 0 
0.204815 -0.667759 0 0 0 0 
0.126369 -0.635299 0 0 0 0 
0.218272 -0.735409 0 0 0 0 
0.139825 -0.702949 0 0 0 0 
0.153281 -0.770598 0 0 0 0 
1 2 6
2 7 6
2 3 7
3 8 7
3 4 8
4 9 8
4 5 9
6 7 10
7 11 10
7 8 11
8 12 11
8 9 12
10 11 13
11 14 13
11 12 14
13 14 15
ZONE N=15, E=16, F=FEPOINT, ET=TRIANGLE
-0.383237 -0.204402 0 0 0 0 
-0.474928 -0.190598 0 0 0 0 
-0.566619 -0.176793 0 0 0 0 
-0.658309 -0.162989 0 0 0 0 
-0.75 -0.149184 0 0 0 0 
-0.425381 -0.245479 0 0 0 0 
-0.517071 -0.231674 0 0 0 0 
-0.608762 -0.21787 0 0 0 0 
-0.700453 -0.204065 0 0 0 0 
-0.467524 -0.286555 0 0 0 0 
-0.559215 -0.272751 0 0 0 0 
-0.650906 -0.258946 0 0 0 0 
-0.509668 -0.327632 0 0 0 0 
-0.601358 -0.313827 0 0 0 0 
-0.551811 -0.368708 0 0 0 0 
1 2 6
2 7 6
2 3 7
3 8 7
3 4 8
4 9 8
4 5 9
6 7 10
7 11 10
7 8 11
8 12 11
8 9 12
10 11 13
11 14 13
11 12 14
13 14 15
ZONE N=15, E=16, F=FEPOINT, ET=TRIANGLE
-0.707107 -0.707107 0 0 0 0 
-0.626001 -0.7613 0 0 0 0 
-0.544895 -0.815493 0 0 0 0 
-0.463789 -0.869686 0 0 0 0 
-0.382683 -0.92388 0 0 0 0 
-0.636028 -0.688518 0 0 0 0 
-0.554922 -0.742711 0 0 0 0 
-0.473816 -0.796904 0 0 0 0 
-0.39271 -0.851097 0 0 0 0 
-0.564949 -0.669929 0 0 0 0 
-0.483843 -0.724122 0 0 0 0 
-0.402737 -0.778315 0 0 0 0 
-0.49387 -0.65134 0 0 0 0 
-0.412764 -0.705533 0 0 0 0 
-0.42279 -0.632751 0 0 0 0 
1 2 6
2 7 6
2 3 7
3 8 7
3 4 8
4 9 8
4 5 9
6 7 10
7 11 10
7 8 11
8 12 11
8 9 12
10 11 13
11 14 13
11 12 14
13 14 15
ZONE N=15, E=16, F=FEPOINT, ET=TRIANGLE
-0.75 0.149184 0 0 0 0 
-0.79347 0.207559 0 0 0 0 
-0.83694 0.265934 0 0 0 0 
-0.88041 0.324309 0 0 0 0 
-0.92388 0.382683 0 0 0 0 
-0.8125 0.111888 0 0 0 0 
-0.85597 0.170263 0 0 0 0 
-0.89944 0.228638 0 0 0 0 
-0.94291 0.287013 0 0 0 0 
-0.875 0.0745921 0 0 0 0 
-0.91847 0.132967 0 0 0 0 
-0.96194 0.191342 0 0 0 0 
-0.9375 0.0372961 0 0 0 0 
-0.98097 0.0956709 0 0 0 0 
-1 1.22465e-16 0 0 0 0 
1 2 6
2 7 6
2 3 7
3 8 7
3 4 8
4 9 8
4 5 9
6 7 10
7 11 10
7 8 11
8 12 11
8 9 12
10 11 13
11 14 13
11 12 14
13 14 15
ZONE N=15, E=16, F=FEPOINT, ET=TRIANGLE
-0.707107 0.707107 0 0 0 0 
-0.7613 0.626001 0 0 0 0 
-0.815493 0.544895 0 0 0 0 
-0.869686 0.463789 0 0 0 0 
-0.92388 0.382683 0 0 0 0 
-0.699206 0.626868 0 0 0 0 
-0.753399 0.545762 0 0 0 0 
-0.807592 0.464656 0 0 0 0 
-0.861785 0.38355 0 0 0 0 
-0.691304 0.546629 0 0 0 0 
-0.745498 0.465523 0 0 0 0 
-0.799691 0.384417 0 0 0 0 
-0.683403 0.46639 0 0 0 0 
-0.737596 0.385284 0 0 0 0 
-0.675502 0.386151 0 0 0 0 
1 2 6
2 7 6
2 3 7
3 8 7
3 4 8
4 9 8
4 5 9
6 7 10
7 11 10
7 8 11
8 12 11
8 9 12
10 11 13
11 14 13
11 12 14
13 14 15
ZONE N=15, E=16, F=FEPOINT, ET=TRIANGLE
-0.675502 0.386151 0 0 0 0 
-0.737596 0.385284 0 0 0 0 
-0.799691 0.384417 0 0 0 0 
-0.861785 0.38355 0 0 0 0 
-0.92388 0.382683 0 0 0 0 
-0.694127 0.32691 0 0 0 0 
-0.756221 0.326043 0 0 0 0 
-0.818315 0.325176 0 0 0 0 
-0.88041 0.324309 0 0 0 0 
-0.712751 0.267668 0 0 0 0 
-0.774845 0.266801 0 0 0 0 
-0.83694 0.265934 0 0 0 0 
-0.731376 0.208426 0 0 0 0 
-0.79347 0.207559 0 0 0 0 
-0.75 0.149184 0 0 0 0 
1 2 6
2 7 6
2 3 7
3 8 7
3 4 8
4 9 8
4 5 9
6 7 10
7 11 10
7 8 11
8 12 11
8 9 12
10 11 13
11 14 13
11 12 14
13 14 15
ZONE N=15, E=16, F=FEPOINT, ET=TRIANGLE
-0.446362 0.668029 0 0 0 0 
-0.430443 0.731991 0 0 0 0 
-0.414523 0.795954 0 0 0 0 
-0.398603 0.859917 0 0 0 0 
-0.382683 0.92388 0 0 0 0 
-0.511548 0.677798 0 0 0 0 
-0.495629 0.741761 0 0 0 0 
-0.479709 0.805724 0 0 0 0 
-0.463789 0.869686 0 0 0 0 
-0.576735 0.687568 0 0 0 0 
-0.560815 0.75153 0 0 0 0 
-0.544895 0.815493 0 0 0 0 
-0.641921 0.697337 0 0 0 0 
-0.626001 0.7613 0 0 0 0 
-0.707107 0.707107 0 0 0 0 
1 2 6
2 7 6
2 3 7
3 8 7
3 4 8
4 9 8
4 5 9
6 7 10
7 11 10
7 8 11
8 12 11
8 9 12
10 11 13
11 14 13
11 12 14
13 14 15
ZONE N=15, E=16, F=FEPOINT, ET=TRIANGLE
-1 1.22465e-16 0 0 0 0 
-0.9375 -0.0372961 0 0 0 0 
-0.875 -0.0745921 0 0 0 0 
-0.8125 -0.111888 0 0 0 0 
-0.75 -0.149184 0 0 0 0 
-0.9375 0.0372961 0 0 0 0 
-0.875 -5.30947e-15 0 0 0 0 
-0.8125 -0.0372961 0 0 0 0 
-0.75 -0.0745921 0 0 0 0 
-0.875 0.0745921 0 0 0 0 
-0.8125 0.0372961 0 0 0 0 
-0.75 -1.07414e-14 0 0 0 0 
-0.8125 0.111888 0 0 0 0 
-0.75 0.0745921 0 0 0 0 
-0.75 0.149184 0 0 0 0 
1 2 6
2 7 6
2 3 7
3 8 7
3 4 8
4 9 8
4 5 9
6 7 10
7 11 10
7 8 11
8 12 11
8 9 12
10 11 13
11 14 13
11 12 14
13 14 15
ZONE N=15, E=16, F=FEPOINT, ET=TRIANGLE
-0.75 -0.149184 0 0 0 0 
-0.8125 -0.111888 0 0 0 0 
-0.875 -0.0745921 0 0 0 0 
-0.9375 -0.0372961 0 0 0 0 
-1 1.22465e-16 0 0 0 0 
-0.79347 -0.207559 0 0 0 0 
-0.85597 -0.170263 0 0 0 0 
-0.91847 -0.132967 0 0 0 0 
-0.98097 -0.0956709 0 0 0 0 
-0.83694 -0.265934 0 0 0 0 
-0.89944 -0.228638 0 0 0 0 
-0.96194 -0.191342 0 0 0 0 
-0.88041 -0.324309 0 0 0 0 
-0.94291 -0.287013 0 0 0 0 
-0.92388 -0.382683 0 0 0 0 
1 2 6
2 7 6
2 3 7
3 8 7
3 4 8
4 9 8
4 5 9
6 7 10
7 11 10
7 8 11
8 12 11
8 9 12
10 11 13
11 14 13
11 12 14
13 14 15
ZONE N=15, E=16, F=FEPOINT, ET=TRIANGLE
-0.382683 -0.92388 0 0 0 0 
-0.32397 -0.878709 0 0 0 0 
-0.265257 -0.833539 0 0 0 0 
-0.206544 -0.788369 0 0 0 0 
-0.147831 -0.743198 0 0 0 0 
-0.39271 -0.851097 0 0 0 0 
-0.333997 -0.805927 0 0 0 0 
-0.275284 -0.760757 0 0 0 0 
-0.216571 -0.715586 0 0 0 0 
-0.402737 -0.778315 0 0 0 0 
-0.344024 -0.733145 0 0 0 0 
-0.285311 -0.687974 0 0 0 0 
-0.412764 -0.705533 0 0 0 0 
-0.354051 -0.660363 0 0 0 0 
-0.42279 -0.632751 0 0 0 0 
1 2 6
2 7 6
2 3 7
3 8 7
3 4 8
4 9 8
4 5 9
6 7 10
7 11 10
7 8 11
8 12 11
8 9 12
10 11 13
11 14 13
11 12 14
13 14 15
ZONE N=15, E=16, F=FEPOINT, ET=TRIANGLE
-0.42279 -0.632751 0 0 0 0 
-0.455046 -0.56674 0 0 0 0 
-0.487301 -0.500729 0 0 0 0 
-0.519556 -0.434719 0 0 0 0 
-0.551811 -0.368708 0 0 0 0 
-0.49387 -0.65134 0 0 0 0 
-0.526125 -0.585329 0 0 0 0 
-0.55838 -0.519319 0 0 0 0 
-0.590635 -0.453308 0 0 0 0 
-0.564949 -0.669929 0 0 0 0 
-0.597204 -0.603918 0 0 0 0 
-0.629459 -0.537908 0 0 0 0 
-0.636028 -0.688518 0 0 0 0 
-0.668283 -0.622507 0 0 0 0 
-0.707107 -0.707107 0 0 0 0 
1 2 6
2 7 6
2 3 7
3 8 7
3 4 8
4 9 8
4 5 9
6 7 10
7 11 10
7 8 11
8 12 11
8 9 12
10 11 13
11 14 13
11 12 14
13 14 15
ZONE N=15, E=16, F=FEPOINT, ET=TRIANGLE
0.75 -0.149184 0 0 0 0 
0.79347 -0.207559 0 0 0 0 
0.83694 -0.265934 0 0 0 0 
0.88041 -0.324309 0 0 0 0 
0.92388 -0.382683 0 0 0 0 
0.8125 -0.111888 0 0 0 0 
0.85597 -0.170263 0 0 0 0 
0.89944 -0.228638 0 0 0 0 
0.94291 -0.287013 0 0 0 0 
0.875 -0.0745921 0 0 0 0 
0.91847 -0.132967 0 0 0 0 
0.96194 -0.191342 0 0 0 0 
0.9375 -0.0372961 0 0 0 0 
0.98097 -0.0956709 0 0 0 0 
1 -2.44929e-16 0 0 0 0 
1 2 6
2 7 6
2 3 7
3 8 7
3 4 8
4 9 8
4 5 9
6 7 10
7 11 10
7 8 11
8 12 11
8 9 12
10 11 13
11 14 13
11 12 14
13 14 15
ZONE N=15, E=16, F=FEPOINT, ET=TRIANGLE
0.287539 -0.303101 0 0 0 0 
0.278154 -0.227325 0 0 0 0 
0.268769 -0.15155 0 0 0 0 
0.259385 -0.0757752 0 0 0 0 
0.25 0 0 0 0 0 
0.220489 -0.291337 0 0 0 0 
0.211104 -0.215561 0 0 0 0 
0.20172 -0.139786 0 0 0 0 
0.192335 -0.0640111 0 0 0 0 
0.15344 -0.279573 0 0 0 0 
0.144055 -0.203797 0 0 0 0 
0.13467 -0.128022 0 0 0 0 
0.0863902 -0.267808 0 0 0 0 
0.0770056 -0.192033 0 0 0 0 
0.0193408 -0.256044 0 0 0 0 
1 2 6
2 7 6
2 3 7
3 8 7
3 4 8
4 9 8
4 5 9
6 7 10
7 11 10
7 8 11
8 12 11
8 9 12
10 11 13
11 14 13
11 12 14
13 14 15
ZONE N=15, E=16, F=FEPOINT, ET=TRIANGLE
-1.83697e-16 -1 0 0 0 0 
0.0956709 -0.98097 0 0 0 0 
0.191342 -0.96194 0 0 0 0 
0.287013 -0.94291 0 0 0 0 
0.382683 -0.92388 0 0 0 0 
0.0383204 -0.94265 0 0 0 0 
0.133991 -0.923619 0 0 0 0 
0.229662 -0.904589 0 0 0 0 
0.325333 -0.885559 0 0 0 0 
0.0766407 -0.885299 0 0 0 0 
0.172312 -0.866269 0 0 0 0 
0.267982 -0.847239 0 0 0 0 
0.114961 -0.827949 0 0 0 0 
0.210632 -0.808918 0 0 0 0 
0.153281 -0.770598 0 0 0 0 
1 2 6
2 7 6
2 3 7
3 8 7
3 4 8
4 9 8
4 5 9
6 7 10
7 11 10
7 8 11
8 12 11
8 9 12
10 11 13
11 14 13
11 12 14
13 14 15
ZONE N=15, E=16, F=FEPOINT, ET=TRIANGLE
0.551811 -0.368708 0 0 0 0 
0.644828 -0.372202 0 0 0 0 
0.737845 -0.375696 0 0 0 0 
0.830862 -0.37919 0 0 0 0 
0.92388 -0.382683 0 0 0 0 
0.601358 -0.313827 0 0 0 0 
0.694375 -0.317321 0 0 0 0 
0.787393 -0.320815 0 0 0 0 
0.88041 -0.324309 0 0 0 0 
0.650906 -0.258946 0 0 0 0 
0.743923 -0.26244 0 0 0 0 
0.83694 -0.265934 0 0 0 0 
0.700453 -0.204065 0 0 0 0 
0.79347 -0.207559 0 0 0 0 
0.75 -0.149184 0 0 0 0 
1 2 6
2 7 6
2 3 7
3 8 7
3 4 8
4 9 8
4 5 9
6 7 10
7 11 10
7 8 11
8 12 11
8 9 12
10 11 13
11 14 13
11 12 14
13 14 15
ZONE N=15, E=16, F=FEPOINT, ET=TRIANGLE
-0.5 0 0 0 0 0 
-0.5625 0.0372961 0 0 0 0 
-0.625 0.0745921 0 0 0 0 
-0.6875 0.111888 0 0 0 0 
-0.75 0.149184 0 0 0 0 
-0.5625 -0.0372961 0 0 0 0 
-0.625 -5.3707e-15 0 0 0 0 
-0.6875 0.0372961 0 0 0 0 
-0.75 0.0745921 0 0 0 0 
-0.625 -0.0745921 0 0 0 0 
-0.6875 -0.0372961 0 0 0 0 
-0.75 -1.07414e-14 0 0 0 0 
-0.6875 -0.111888 0 0 0 0 
-0.75 -0.0745921 0 0 0 0 
-0.75 -0.149184 0 0 0 0 
1 2 6
2 7 6
2 3 7
3 8 7
3 4 8
4 9 8
4 5 9
6 7 10
7 11 10
7 8 11
8 12 11
8 9 12
10 11 13
11 14 13
11 12 14
13 14 15
ZONE N=15, E=16, F=FEPOINT, ET=TRIANGLE
-0.92388 -0.382683 0 0 0 0 
-0.830862 -0.37919 0 0 0 0 
-0.737845 -0.375696 0 0 0 0 
-0.644828 -0.372202 0 0 0 0 
-0.551811 -0.368708 0 0 0 0 
-0.88041 -0.324309 0 0 0 0 
-0.787393 -0.320815 0 0 0 0 
-0.694375 -0.317321 0 0 0 0 
-0.601358 -0.313827 0 0 0 0 
-0.83694 -0.265934 0 0 0 0 
-0.743923 -0.26244 0 0 0 0 
-0.650906 -0.258946 0 0 0 0 
-0.79347 -0.207559 0 0 0 0 
-0.700453 -0.204065 0 0 0 0 
-0.75 -0.149184 0 0 0 0 
1 2 6
2 7 6
2 3 7
3 8 7
3 4 8
4 9 8
4 5 9
6 7 10
7 11 10
7 8 11
8 12 11
8 9 12
10 11 13
11 14 13
11 12 14
13 14 15
ZONE N=15, E=16, F=FEPOINT, ET=TRIANGLE
0.83147 -0.55557 0 0 0 0 
0.854572 -0.512349 0 0 0 0 
0.877675 -0.469127 0 0 0 0 
0.900777 -0.425905 0 0 0 0 
0.92388 -0.382683 0 0 0 0 
0.761555 -0.508855 0 0 0 0 
0.784657 -0.465633 0 0 0 0 
0.80776 -0.422411 0 0 0 0 
0.830862 -0.37919 0 0 0 0 
0.69164 -0.462139 0 0 0 0 
0.714743 -0.418918 0 0 0 0 
0.737845 -0.375696 0 0 0 0 
0.621726 -0.415424 0 0 0 0 
0.644828 -0.372202 0 0 0 0 
0.551811 -0.368708 0 0 0 0 
1 2 6
2 7 6
2 3 7
3 8 7
3 4 8
4 9 8
4 5 9
6 7 10
7 11 10
7 8 11
8 12 11
8 9 12
10 11 13
11 14 13
11 12 14
13 14 15
ZONE N=15, E=16, F=FEPOINT, ET=TRIANGLE
0.413242 -0.629842 0 0 0 0 
0.486709 -0.649158 0 0 0 0 
0.560175 -0.668474 0 0 0 0 
0.633641 -0.687791 0 0 0 0 
0.707107 -0.707107 0 0 0 0 
0.447885 -0.564559 0 0 0 0 
0.521351 -0.583875 0 0 0 0 
0.594817 -0.603191 0 0 0 0 
0.668283 -0.622507 0 0 0 0 
0.482527 -0.499275 0 0 0 0 
0.555993 -0.518591 0 0 0 0 
0.629459 -0.537908 0 0 0 0 
0.517169 -0.433992 0 0 0 0 
0.590635 -0.453308 0 0 0 0 
0.551811 -0.368708 0 0 0 0 
1 2 6
2 7 6
2 3 7
3 8 7
3 4 8
4 9 8
4 5 9
6 7 10
7 11 10
7 8 11
8 12 11
8 9 12
10 11 13
11 14 13
11 12 14
13 14 15
ZONE N=15, E=16, F=FEPOINT, ET=TRIANGLE
0.75 0.149184 0 0 0 0 
0.75 0.0745921 0 0 0 0 
0.75 1.14353e-14 0 0 0 0 
0.75 -0.0745921 0 0 0 0 
0.75 -0.149184 0 0 0 0 
0.8125 0.111888 0 0 0 0 
0.8125 0.0372961 0 0 0 0 
0.8125 -0.0372961 0 0 0 0 
0.8125 -0.111888 0 0 0 0 
0.875 0.0745921 0 0 0 0 
0.875 5.59275e-15 0 0 0 0 
0.875 -0.0745921 0 0 0 0 
0.9375 0.0372961 0 0 0 0 
0.9375 -0.0372961 0 0 0 0 
1 -2.44929e-16 0 0 0 0 
1 2 6
2 7 6
2 3 7
3 8 7
3 4 8
4 9 8
4 5 9
6 7 10
7 11 10
7 8 11
8 12 11
8 9 12
10 11 13
11 14 13
11 12 14
13 14 15
ZONE N=15, E=16, F=FEPOINT, ET=TRIANGLE
-0.675502 0.386151 0 0 0 0 
-0.600377 0.33628 0 0 0 0 
-0.525251 0.286409 0 0 0 0 
-0.450126 0.236539 0 0 0 0 
-0.375 0.186668 0 0 0 0 
-0.613581 0.39087 0 0 0 0 
-0.538456 0.340999 0 0 0 0 
-0.46333 0.291128 0 0 0 0 
-0.388205 0.241257 0 0 0 0 
-0.55166 0.395588 0 0 0 0 
-0.476535 0.345717 0 0 0 0 
-0.401409 0.295846 0 0 0 0 
-0.489739 0.400307 0 0 0 0 
-0.414614 0.350436 0 0 0 0 
-0.427818 0.405025 0 0 0 0 
1 2 6
2 7 6
2 3 7
3 8 7
3 4 8
4 9 8
4 5 9
6 7 10
7 11 10
7 8 11
8 12 11
8 9 12
10 11 13
11 14 13
11 12 14
13 14 15
ZONE N=15, E=16, F=FEPOINT, ET=TRIANGLE
-0.00821254 0.738475 0 0 0 0 
0.0551038 0.731176 0 0 0 0 
0.11842 0.723877 0 0 0 0 
0.181737 0.716577 0 0 0 0 
0.245053 0.709278 0 0 0 0 
-0.00615941 0.803856 0 0 0 0 
0.057157 0.796557 0 0 0 0 
0.120473 0.789258 0 0 0 0 
0.18379 0.781959 0 0 0 0 
-0.00410627 0.869237 0 0 0 0 
0.0592101 0.861938 0 0 0 0 
0.122526 0.854639 0 0 0 0 
-0.00205314 0.934619 0 0 0 0 
0.0612632 0.92732 0 0 0 0 
6.12323e-17 1 0 0 0 0 
1 2 6
2 7 6
2 3 7
3 8 7
3 4 8
4 9 8
4 5 9
6 7 10
7 11 10
7 8 11
8 12 11
8 9 12
10 11 13
11 14 13
11 12 14
13 14 15
ZONE N=15, E=16, F=FEPOINT, ET=TRIANGLE
0.551811 0.368708 0 0 0 0 
0.621726 0.415424 0 0 0 0 
0.69164 0.462139 0 0 0 0 
0.761555 0.508855 0 0 0 0 
0.83147 0.55557 0 0 0 0 
0.590635 0.453308 0 0 0 0 
0.66055 0.500023 0 0 0 0 
0.730464 0.546739 0 0 0 0 
0.800379 0.593454 0 0 0 0 
0.629459 0.537908 0 0 0 0 
0.699374 0.584623 0 0 0 0 
0.769288 0.631339 0 0 0 0 
0.668283 0.622507 0 0 0 0 
0.738197 0.669223 0 0 0 0 
0.707107 0.707107 0 0 0 0 
1 2 6
2 7 6
2 3 7
3 8 7
3 4 8
4 9 8
4 5 9
6 7 10
7 11 10
7 8 11
8 12 11
8 9 12
10 11 13
11 14 13
11 12 14
13 14 15
ZONE N=15, E=16, F=FEPOINT, ET=TRIANGLE
1 -2.44929e-16 0 0 0 0 
0.98097 0.0956709 0 0 0 0 
0.96194 0.191342 0 0 0 0 
0.94291 0.287013 0 0 0 0 
0.92388 0.382683 0 0 0 0 
0.9375 0.0372961 0 0 0 0 
0.91847 0.132967 0 0 0 0 
0.89944 0.228638 0 0 0 0 
0.88041 0.324309 0 0 0 0 
0.875 0.0745921 0 0 0 0 
0.85597 0.170263 0 0 0 0 
0.83694 0.265934 0 0 0 0 
0.8125 0.111888 0 0 0 0 
0.79347 0.207559 0 0 0 0 
0.75 0.149184 0 0 0 0 
1 2 6
2 7 6
2 3 7
3 8 7
3 4 8
4 9 8
4 5 9
6 7 10
7 11 10
7 8 11
8 12 11
8 9 12
10 11 13
11 14 13
11 12 14
13 14 15
ZONE N=15, E=16, F=FEPOINT, ET=TRIANGLE
-0.5 0 0 0 0 0 
-0.46875 0.0466669 0 0 0 0 
-0.4375 0.0933338 0 0 0 0 
-0.40625 0.140001 0 0 0 0 
-0.375 0.186668 0 0 0 0 
-0.5625 0.0372961 0 0 0 0 
-0.53125 0.0839629 0 0 0 0 
-0.5 0.13063 0 0 0 0 
-0.46875 0.177297 0 0 0 0 
-0.625 0.0745921 0 0 0 0 
-0.59375 0.121259 0 0 0 0 
-0.5625 0.167926 0 0 0 0 
-0.6875 0.111888 0 0 0 0 
-0.65625 0.158555 0 0 0 0 
-0.75 0.149184 0 0 0 0 
1 2 6
2 7 6
2 3 7
3 8 7
3 4 8
4 9 8
4 5 9
6 7 10
7 11 10
7 8 11
8 12 11
8 9 12
10 11 13
11 14 13
11 12 14
13 14 15
ZONE N=15, E=16, F=FEPOINT, ET=TRIANGLE
6.12323e-17 1 0 0 0 0 
0.0612632 0.92732 0 0 0 0 
0.122526 0.854639 0 0 0 0 
0.18379 0.781959 0 0 0 0 
0.245053 0.709278 0 0 0 0 
0.0956709 0.98097 0 0 0 0 
0.156934 0.908289 0 0 0 0 
0.218197 0.835609 0 0 0 0 
0.279461 0.762929 0 0 0 0 
0.191342 0.96194 0 0 0 0 
0.252605 0.889259 0 0 0 0 
0.313868 0.816579 0 0 0 0 
0.287013 0.94291 0 0 0 0 
0.348276 0.870229 0 0 0 0 
0.382683 0.92388 0 0 0 0 
1 2 6
2 7 6
2 3 7
3 8 7
3 4 8
4 9 8
4 5 9
6 7 10
7 11 10
7 8 11
8 12 11
8 9 12
10 11 13
11 14 13
11 12 14
13 14 15
ZONE N=15, E=16, F=FEPOINT, ET=TRIANGLE
0.551811 0.368708 0 0 0 0 
0.538858 0.276531 0 0 0 0 
0.525906 0.184354 0 0 0 0 
0.512953 0.0921771 0 0 0 0 
0.5 0 0 0 0 0 
0.601358 0.313827 0 0 0 0 
0.588406 0.22165 0 0 0 0 
0.575453 0.129473 0 0 0 0 
0.5625 0.0372961 0 0 0 0 
0.650906 0.258946 0 0 0 0 
0.637953 0.166769 0 0 0 0 
0.625 0.0745921 0 0 0 0 
0.700453 0.204065 0 0 0 0 
0.6875 0.111888 0 0 0 0 
0.75 0.149184 0 0 0 0 
1 2 6
2 7 6
2 3 7
3 8 7
3 4 8
4 9 8
4 5 9
6 7 10
7 11 10
7 8 11
8 12 11
8 9 12
10 11 13
11 14 13
11 12 14
13 14 15
ZONE N=15, E=16, F=FEPOINT, ET=TRIANGLE
-0.25 0 0 0 0 0 
-0.1875 0 0 0 0 0 
-0.125 0 0 0 0 0 
-0.0625 0 0 0 0 0 
0 0 0 0 0 0 
-0.21875 0.0711889 0 0 0 0 
-0.15625 0.0711889 0 0 0 0 
-0.09375 0.0711889 0 0 0 0 
-0.03125 0.0711889 0 0 0 0 
-0.1875 0.142378 0 0 0 0 
-0.125 0.142378 0 0 0 0 
-0.0625 0.142378 0 0 0 0 
-0.15625 0.213567 0 0 0 0 
-0.09375 0.213567 0 0 0 0 
-0.125 0.284756 0 0 0 0 
1 2 6
2 7 6
2 3 7
3 8 7
3 4 8
4 9 8
4 5 9
6 7 10
7 11 10
7 8 11
8 12 11
8 9 12
10 11 13
11 14 13
11 12 14
13 14 15
ZONE N=15, E=16, F=FEPOINT, ET=TRIANGLE
-0.446362 0.668029 0 0 0 0 
-0.503647 0.597559 0 0 0 0 
-0.560932 0.52709 0 0 0 0 
-0.618217 0.456621 0 0 0 0 
-0.675502 0.386151 0 0 0 0 
-0.441726 0.602278 0 0 0 0 
-0.499011 0.531808 0 0 0 0 
-0.556296 0.461339 0 0 0 0 
-0.613581 0.39087 0 0 0 0 
-0.43709 0.536527 0 0 0 0 
-0.494375 0.466057 0 0 0 0 
-0.55166 0.395588 0 0 0 0 
-0.432454 0.470776 0 0 0 0 
-0.489739 0.400307 0 0 0 0 
-0.427818 0.405025 0 0 0 0 
1 2 6
2 7 6
2 3 7
3 8 7
3 4 8
4 9 8
4 5 9
6 7 10
7 11 10
7 8 11
8 12 11
8 9 12
10 11 13
11 14 13
11 12 14
13 14 15
ZONE N=15, E=16, F=FEPOINT, ET=TRIANGLE
-0.446362 0.668029 0 0 0 0 
-0.391097 0.693741 0 0 0 0 
-0.335832 0.719454 0 0 0 0 
-0.280567 0.745166 0 0 0 0 
-0.225302 0.770879 0 0 0 0 
-0.430443 0.731991 0 0 0 0 
-0.375178 0.757704 0 0 0 0 
-0.319913 0.783416 0 0 0 0 
-0.264648 0.809129 0 0 0 0 
-0.414523 0.795954 0 0 0 0 
-0.359258 0.821667 0 0 0 0 
-0.303993 0.847379 0 0 0 0 
-0.398603 0.859917 0 0 0 0 
-0.343338 0.885629 0 0 0 0 
-0.382683 0.92388 0 0 0 0 
1 2 6
2 7 6
2 3 7
3 8 7
3 4 8
4 9 8
4 5 9
6 7 10
7 11 10
7 8 11
8 12 11
8 9 12
10 11 13
11 14 13
11 12 14
13 14 15
ZONE N=15, E=16, F=FEPOINT, ET=TRIANGLE
-0.551811 -0.368708 0 0 0 0 
-0.519556 -0.434719 0 0 0 0 
-0.487301 -0.500729 0 0 0 0 
-0.455046 -0.56674 0 0 0 0 
-0.42279 -0.632751 0 0 0 0 
-0.46698 -0.368143 0 0 0 0 
-0.434725 -0.434153 0 0 0 0 
-0.40247 -0.500164 0 0 0 0 
-0.370215 -0.566174 0 0 0 0 
-0.382149 -0.367577 0 0 0 0 
-0.349894 -0.433588 0 0 0 0 
-0.317639 -0.499598 0 0 0 0 
-0.297318 -0.367011 0 0 0 0 
-0.265063 -0.433022 0 0 0 0 
-0.212488 -0.366446 0 0 0 0 
1 2 6
2 7 6
2 3 7
3 8 7
3 4 8
4 9 8
4 5 9
6 7 10
7 11 10
7 8 11
8 12 11
8 9 12
10 11 13
11 14 13
11 12 14
13 14 15
ZONE N=15, E=16, F=FEPOINT, ET=TRIANGLE
-0.375 0.186668 0 0 0 0 
-0.450126 0.236539 0 0 0 0 
-0.525251 0.286409 0 0 0 0 
-0.600377 0.33628 0 0 0 0 
-0.675502 0.386151 0 0 0 0 
-0.46875 0.177297 0 0 0 0 
-0.543876 0.227168 0 0 0 0 
-0.619001 0.277039 0 0 0 0 
-0.694127 0.32691 0 0 0 0 
-0.5625 0.167926 0 0 0 0 
-0.637626 0.217797 0 0 0 0 
-0.712751 0.267668 0 0 0 0 
-0.65625 0.158555 0 0 0 0 
-0.731376 0.208426 0 0 0 0 
-0.75 0.149184 0 0 0 0 
1 2 6
2 7 6
2 3 7
3 8 7
3 4 8
4 9 8
4 5 9
6 7 10
7 11 10
7 8 11
8 12 11
8 9 12
10 11 13
11 14 13
11 12 14
13 14 15
ZONE N=15, E=16, F=FEPOINT, ET=TRIANGLE
-0.225302 0.770879 0 0 0 0 
-0.280567 0.745166 0 0 0 0 
-0.335832 0.719454 0 0 0 0 
-0.391097 0.693741 0 0 0 0 
-0.446362 0.668029 0 0 0 0 
-0.217346 0.716585 0 0 0 0 
-0.272611 0.690872 0 0 0 0 
-0.327876 0.66516 0 0 0 0 
-0.383141 0.639447 0 0 0 0 
-0.209389 0.662291 0 0 0 0 
-0.264654 0.636579 0 0 0 0 
-0.319919 0.610866 0 0 0 0 
-0.201432 0.607997 0 0 0 0 
-0.256697 0.582285 0 0 0 0 
-0.193476 0.553704 0 0 0 0 
1 2 6
2 7 6
2 3 7
3 8 7
3 4 8
4 9 8
4 5 9
6 7 10
7 11 10
7 8 11
8 12 11
8 9 12
10 11 13
11 14 13
11 12 14
13 14 15
ZONE N=15, E=16, F=FEPOINT, ET=TRIANGLE
0.25 0 0 0 0 0 
0.214339 0.0667767 0 0 0 0 
0.178679 0.133553 0 0 0 0 
0.143018 0.20033 0 0 0 0 
0.107358 0.267107 0 0 0 0 
0.1875 0 0 0 0 0 
0.151839 0.0667767 0 0 0 0 
0.116179 0.133553 0 0 0 0 
0.0805183 0.20033 0 0 0 0 
0.125 0 0 0 0 0 
0.0893394 0.0667767 0 0 0 0 
0.0536789 0.133553 0 0 0 0 
0.0625 0 0 0 0 0 
0.0268394 0.0667767 0 0 0 0 
0 0 0 0 0 0 
1 2 6
2 7 6
2 3 7
3 8 7
3 4 8
4 9 8
4 5 9
6 7 10
7 11 10
7 8 11
8 12 11
8 9 12
10 11 13
11 14 13
11 12 14
13 14 15
ZONE N=15, E=16, F=FEPOINT, ET=TRIANGLE
0.245053 0.709278 0 0 0 0 
0.302773 0.701283 0 0 0 0 
0.360494 0.693288 0 0 0 0 
0.418214 0.685293 0 0 0 0 
0.475935 0.677298 0 0 0 0 
0.279461 0.762929 0 0 0 0 
0.337181 0.754934 0 0 0 0 
0.394901 0.746939 0 0 0 0 
0.452622 0.738944 0 0 0 0 
0.313868 0.816579 0 0 0 0 
0.371589 0.808584 0 0 0 0 
0.429309 0.800589 0 0 0 0 
0.348276 0.870229 0 0 0 0 
0.405996 0.862234 0 0 0 0 
0.382683 0.92388 0 0 0 0 
1 2 6
2 7 6
2 3 7
3 8 7
3 4 8
4 9 8
4 5 9
6 7 10
7 11 10
7 8 11
8 12 11
8 9 12
10 11 13
11 14 13
11 12 14
13 14 15
ZONE N=15, E=16, F=FEPOINT, ET=TRIANGLE
0 0 0 0 0 0 
0.0048352 -0.0640111 0 0 0 0 
0.00967039 -0.128022 0 0 0 0 
0.0145056 -0.192033 0 0 0 0 
0.0193408 -0.256044 0 0 0 0 
0.0625 0 0 0 0 0 
0.0673352 -0.0640111 0 0 0 0 
0.0721704 -0.128022 0 0 0 0 
0.0770056 -0.192033 0 0 0 0 
0.125 0 0 0 0 0 
0.129835 -0.0640111 0 0 0 0 
0.13467 -0.128022 0 0 0 0 
0.1875 0 0 0 0 0 
0.192335 -0.0640111 0 0 0 0 
0.25 0 0 0 0 0 
1 2 6
2 7 6
2 3 7
3 8 7
3 4 8
4 9 8
4 5 9
6 7 10
7 11 10
7 8 11
8 12 11
8 9 12
10 11 13
11 14 13
11 12 14
13 14 15
ZONE N=15, E=16, F=FEPOINT, ET=TRIANGLE
0.92388 0.382683 0 0 0 0 
0.830862 0.37919 0 0 0 0 
0.737845 0.375696 0 0 0 0 
0.644828 0.372202 0 0 0 0 
0.551811 0.368708 0 0 0 0 
0.88041 0.324309 0 0 0 0 
0.787393 0.320815 0 0 0 0 
0.694375 0.317321 0 0 0 0 
0.601358 0.313827 0 0 0 0 
0.83694 0.265934 0 0 0 0 
0.743923 0.26244 0 0 0 0 
0.650906 0.258946 0 0 0 0 
0.79347 0.207559 0 0 0 0 
0.700453 0.204065 0 0 0 0 
0.75 0.149184 0 0 0 0 
1 2 6
2 7 6
2 3 7
3 8 7
3 4 8
4 9 8
4 5 9
6 7 10
7 11 10
7 8 11
8 12 11
8 9 12
10 11 13
11 14 13
11 12 14
13 14 15
ZONE N=15, E=16, F=FEPOINT, ET=TRIANGLE
0.5 0 0 0 0 0 
0.5625 -0.0372961 0 0 0 0 
0.625 -0.0745921 0 0 0 0 
0.6875 -0.111888 0 0 0 0 
0.75 -0.149184 0 0 0 0 
0.5625 0.0372961 0 0 0 0 
0.625 5.71765e-15 0 0 0 0 
0.6875 -0.0372961 0 0 0 0 
0.75 -0.0745921 0 0 0 0 
0.625 0.0745921 0 0 0 0 
0.6875 0.0372961 0 0 0 0 
0.75 1.14353e-14 0 0 0 0 
0.6875 0.111888 0 0 0 0 
0.75 0.0745921 0 0 0 0 
0.75 0.149184 0 0 0 0 
1 2 6
2 7 6
2 3 7
3 8 7
3 4 8
4 9 8
4 5 9
6 7 10
7 11 10
7 8 11
8 12 11
8 9 12
10 11 13
11 14 13
11 12 14
13 14 15
ZONE N=15, E=16, F=FEPOINT, ET=TRIANGLE
-1.83697e-16 -1 0 0 0 0 
-0.0369578 -0.9358 0 0 0 0 
-0.0739157 -0.871599 0 0 0 0 
-0.110874 -0.807399 0 0 0 0 
-0.147831 -0.743198 0 0 0 0 
-0.0956709 -0.98097 0 0 0 0 
-0.132629 -0.916769 0 0 0 0 
-0.169587 -0.852569 0 0 0 0 
-0.206544 -0.788369 0 0 0 0 
-0.191342 -0.96194 0 0 0 0 
-0.2283 -0.897739 0 0 0 0 
-0.265257 -0.833539 0 0 0 0 
-0.287013 -0.94291 0 0 0 0 
-0.32397 -0.878709 0 0 0 0 
-0.382683 -0.92388 0 0 0 0 
1 2 6
2 7 6
2 3 7
3 8 7
3 4 8
4 9 8
4 5 9
6 7 10
7 11 10
7 8 11
8 12 11
8 9 12
10 11 13
11 14 13
11 12 14
13 14 15
ZONE N=15, E=16, F=FEPOINT, ET=TRIANGLE
-0.83147 -0.55557 0 0 0 0 
-0.761555 -0.508855 0 0 0 0 
-0.69164 -0.462139 0 0 0 0 
-0.621726 -0.415424 0 0 0 0 
-0.551811 -0.368708 0 0 0 0 
-0.854572 -0.512349 0 0 0 0 
-0.784657 -0.465633 0 0 0 0 
-0.714743 -0.418918 0 0 0 0 
-0.644828 -0.372202 0 0 0 0 
-0.877675 -0.469127 0 0 0 0 
-0.80776 -0.422411 0 0 0 0 
-0.737845 -0.375696 0 0 0 0 
-0.900777 -0.425905 0 0 0 0 
-0.830862 -0.37919 0 0 0 0 
-0.92388 -0.382683 0 0 0 0 
1 2 6
2 7 6
2 3 7
3 8 7
3 4 8
4 9 8
4 5 9
6 7 10
7 11 10
7 8 11
8 12 11
8 9 12
10 11 13
11 14 13
11 12 14
13 14 15
ZONE N=15, E=16, F=FEPOINT, ET=TRIANGLE
-0.42279 -0.632751 0 0 0 0 
-0.354051 -0.660363 0 0 0 0 
-0.285311 -0.687974 0 0 0 0 
-0.216571 -0.715586 0 0 0 0 
-0.147831 -0.743198 0 0 0 0 
-0.342818 -0.609954 0 0 0 0 
-0.274078 -0.637566 0 0 0 0 
-0.205338 -0.665178 0 0 0 0 
-0.136599 -0.69279 0 0 0 0 
-0.262845 -0.587157 0 0 0 0 
-0.194105 -0.614769 0 0 0 0 
-0.125366 -0.642381 0 0 0 0 
-0.182873 -0.56436 0 0 0 0 
-0.114133 -0.591972 0 0 0 0 
-0.1029 -0.541563 0 0 0 0 
1 2 6
2 7 6
2 3 7
3 8 7
3 4 8
4 9 8
4 5 9
6 7 10
7 11 10
7 8 11
8 12 11
8 9 12
10 11 13
11 14 13
11 12 14
13 14 15
ZONE N=15, E=16, F=FEPOINT, ET=TRIANGLE
-1.83697e-16 -1 0 0 0 0 
0.0383204 -0.94265 0 0 0 0 
0.0766407 -0.885299 0 0 0 0 
0.114961 -0.827949 0 0 0 0 
0.153281 -0.770598 0 0 0 0 
-0.0369578 -0.9358 0 0 0 0 
0.00136254 -0.878449 0 0 0 0 
0.0396829 -0.821099 0 0 0 0 
0.0780033 -0.763748 0 0 0 0 
-0.0739157 -0.871599 0 0 0 0 
-0.0355953 -0.814249 0 0 0 0 
0.00272507 -0.756898 0 0 0 0 
-0.110874 -0.807399 0 0 0 0 
-0.0725531 -0.750048 0 0 0 0 
-0.147831 -0.743198 0 0 0 0 
1 2 6
2 7 6
2 3 7
3 8 7
3 4 8
4 9 8
4 5 9
6 7 10
7 11 10
7 8 11
8 12 11
8 9 12
10 11 13
11 14 13
11 12 14
13 14 15
ZONE N=15, E=16, F=FEPOINT, ET=TRIANGLE
-0.1029 -0.541563 0 0 0 0 
-0.114133 -0.591972 0 0 0 0 
-0.125366 -0.642381 0 0 0 0 
-0.136599 -0.69279 0 0 0 0 
-0.147831 -0.743198 0 0 0 0 
-0.0388547 -0.598822 0 0 0 0 
-0.0500875 -0.649231 0 0 0 0 
-0.0613203 -0.699639 0 0 0 0 
-0.0725531 -0.750048 0 0 0 0 
0.0251907 -0.656081 0 0 0 0 
0.0139579 -0.706489 0 0 0 0 
0.00272507 -0.756898 0 0 0 0 
0.0892361 -0.713339 0 0 0 0 
0.0780033 -0.763748 0 0 0 0 
0.153281 -0.770598 0 0 0 0 
1 2 6
2 7 6
2 3 7
3 8 7
3 4 8
4 9 8
4 5 9
6 7 10
7 11 10
7 8 11
8 12 11
8 9 12
10 11 13
11 14 13
11 12 14
13 14 15
ZONE N=15, E=16, F=FEPOINT, ET=TRIANGLE
-0.1029 -0.541563 0 0 0 0 
-0.0723398 -0.470184 0 0 0 0 
-0.0417796 -0.398804 0 0 0 0 
-0.0112194 -0.327424 0 0 0 0 
0.0193408 -0.256044 0 0 0 0 
-0.130297 -0.497784 0 0 0 0 
-0.0997367 -0.426404 0 0 0 0 
-0.0691765 -0.355024 0 0 0 0 
-0.0386163 -0.283645 0 0 0 0 
-0.157694 -0.454004 0 0 0 0 
-0.127134 -0.382625 0 0 0 0 
-0.0965734 -0.311245 0 0 0 0 
-0.185091 -0.410225 0 0 0 0 
-0.15453 -0.338845 0 0 0 0 
-0.212488 -0.366446 0 0 0 0 
1 2 6
2 7 6
2 3 7
3 8 7
3 4 8
4 9 8
4 5 9
6 7 10
7 11 10
7 8 11
8 12 11
8 9 12
10 11 13
11 14 13
11 12 14
13 14 15
ZONE N=15, E=16, F=FEPOINT, ET=TRIANGLE
-0.383237 -0.204402 0 0 0 0 
-0.349928 -0.153301 0 0 0 0 
-0.316619 -0.102201 0 0 0 0 
-0.283309 -0.0511005 0 0 0 0 
-0.25 0 0 0 0 0 
-0.412428 -0.153301 0 0 0 0 
-0.379119 -0.102201 0 0 0 0 
-0.345809 -0.0511005 0 0 0 0 
-0.3125 0 0 0 0 0 
-0.441619 -0.102201 0 0 0 0 
-0.408309 -0.0511005 0 0 0 0 
-0.375 0 0 0 0 0 
-0.470809 -0.0511005 0 0 0 0 
-0.4375 0 0 0 0 0 
-0.5 0 0 0 0 0 
1 2 6
2 7 6
2 3 7
3 8 7
3 4 8
4 9 8
4 5 9
6 7 10
7 11 10
7 8 11
8 12 11
8 9 12
10 11 13
11 14 13
11 12 14
13 14 15
ZONE N=15, E=16, F=FEPOINT, ET=TRIANGLE
0.0994562 -0.5 0 0 0 0 
0.0794273 -0.439011 0 0 0 0 
0.0593985 -0.378022 0 0 0 0 
0.0393696 -0.317033 0 0 0 0 
0.0193408 -0.256044 0 0 0 0 
0.0488671 -0.510391 0 0 0 0 
0.0288383 -0.449402 0 0 0 0 
0.00880943 -0.388413 0 0 0 0 
-0.0112194 -0.327424 0 0 0 0 
-0.00172193 -0.520782 0 0 0 0 
-0.0217508 -0.459793 0 0 0 0 
-0.0417796 -0.398804 0 0 0 0 
-0.052311 -0.531172 0 0 0 0 
-0.0723398 -0.470184 0 0 0 0 
-0.1029 -0.541563 0 0 0 0 
1 2 6
2 7 6
2 3 7
3 8 7
3 4 8
4 9 8
4 5 9
6 7 10
7 11 10
7 8 11
8 12 11
8 9 12
10 11 13
11 14 13
11 12 14
13 14 15
ZONE N=15, E=16, F=FEPOINT, ET=TRIANGLE
-0.212488 -0.366446 0 0 0 0 
-0.265063 -0.433022 0 0 0 0 
-0.317639 -0.499598 0 0 0 0 
-0.370215 -0.566174 0 0 0 0 
-0.42279 -0.632751 0 0 0 0 
-0.185091 -0.410225 0 0 0 0 
-0.237666 -0.476801 0 0 0 0 
-0.290242 -0.543378 0 0 0 0 
-0.342818 -0.609954 0 0 0 0 
-0.157694 -0.454004 0 0 0 0 
-0.21027 -0.520581 0 0 0 0 
-0.262845 -0.587157 0 0 0 0 
-0.130297 -0.497784 0 0 0 0 
-0.182873 -0.56436 0 0 0 0 
-0.1029 -0.541563 0 0 0 0 
1 2 6
2 7 6
2 3 7
3 8 7
3 4 8
4 9 8
4 5 9
6 7 10
7 11 10
7 8 11
8 12 11
8 9 12
10 11 13
11 14 13
11 12 14
13 14 15
ZONE N=15, E=16, F=FEPOINT, ET=TRIANGLE
0.0994562 -0.5 0 0 0 0 
0.177903 -0.53246 0 0 0 0 
0.256349 -0.564921 0 0 0 0 
0.334796 -0.597381 0 0 0 0 
0.413242 -0.629842 0 0 0 0 
0.146477 -0.450775 0 0 0 0 
0.224923 -0.483236 0 0 0 0 
0.30337 -0.515696 0 0 0 0 
0.381816 -0.548157 0 0 0 0 
0.193497 -0.40155 0 0 0 0 
0.271944 -0.434011 0 0 0 0 
0.35039 -0.466471 0 0 0 0 
0.240518 -0.352325 0 0 0 0 
0.318965 -0.384786 0 0 0 0 
0.287539 -0.303101 0 0 0 0 
1 2 6
2 7 6
2 3 7
3 8 7
3 4 8
4 9 8
4 5 9
6 7 10
7 11 10
7 8 11
8 12 11
8 9 12
10 11 13
11 14 13
11 12 14
13 14 15
ZONE N=15, E=16, F=FEPOINT, ET=TRIANGLE
-0.212488 -0.366446 0 0 0 0 
-0.15453 -0.338845 0 0 0 0 
-0.0965734 -0.311245 0 0 0 0 
-0.0386163 -0.283645 0 0 0 0 
0.0193408 -0.256044 0 0 0 0 
-0.221866 -0.274834 0 0 0 0 
-0.163909 -0.247234 0 0 0 0 
-0.105951 -0.219634 0 0 0 0 
-0.0479944 -0.192033 0 0 0 0 
-0.231244 -0.183223 0 0 0 0 
-0.173287 -0.155623 0 0 0 0 
-0.11533 -0.128022 0 0 0 0 
-0.240622 -0.0916114 0 0 0 0 
-0.182665 -0.0640111 0 0 0 0 
-0.25 0 0 0 0 0 
1 2 6
2 7 6
2 3 7
3 8 7
3 4 8
4 9 8
4 5 9
6 7 10
7 11 10
7 8 11
8 12 11
8 9 12
10 11 13
11 14 13
11 12 14
13 14 15
ZONE N=15, E=16, F=FEPOINT, ET=TRIANGLE
0.287539 -0.303101 0 0 0 0 
0.353607 -0.319503 0 0 0 0 
0.419675 -0.335905 0 0 0 0 
0.485743 -0.352306 0 0 0 0 
0.551811 -0.368708 0 0 0 0 
0.340654 -0.227325 0 0 0 0 
0.406722 -0.243727 0 0 0 0 
0.47279 -0.260129 0 0 0 0 
0.538858 -0.276531 0 0 0 0 
0.393769 -0.15155 0 0 0 0 
0.459837 -0.167952 0 0 0 0 
0.525906 -0.184354 0 0 0 0 
0.446885 -0.0757752 0 0 0 0 
0.512953 -0.0921771 0 0 0 0 
0.5 0 0 0 0 0 
1 2 6
2 7 6
2 3 7
3 8 7
3 4 8
4 9 8
4 5 9
6 7 10
7 11 10
7 8 11
8 12 11
8 9 12
10 11 13
11 14 13
11 12 14
13 14 15
ZONE N=15, E=16, F=FEPOINT, ET=TRIANGLE
0.5 0 0 0 0 0 
0.4375 0 0 0 0 0 
0.375 0 0 0 0 0 
0.3125 0 0 0 0 0 
0.25 0 0 0 0 0 
0.446885 -0.0757752 0 0 0 0 
0.384385 -0.0757752 0 0 0 0 
0.321885 -0.0757752 0 0 0 0 
0.259385 -0.0757752 0 0 0 0 
0.393769 -0.15155 0 0 0 0 
0.331269 -0.15155 0 0 0 0 
0.268769 -0.15155 0 0 0 0 
0.340654 -0.227325 0 0 0 0 
0.278154 -0.227325 0 0 0 0 
0.287539 -0.303101 0 0 0 0 
1 2 6
2 7 6
2 3 7
3 8 7
3 4 8
4 9 8
4 5 9
6 7 10
7 11 10
7 8 11
8 12 11
8 9 12
10 11 13
11 14 13
11 12 14
13 14 15
ZONE N=15, E=16, F=FEPOINT, ET=TRIANGLE
-0.125 0.284756 0 0 0 0 
-0.0669106 0.280343 0 0 0 0 
-0.00882113 0.275931 0 0 0 0 
0.0492683 0.271519 0 0 0 0 
0.107358 0.267107 0 0 0 0 
-0.068886 0.338567 0 0 0 0 
-0.0107965 0.334155 0 0 0 0 
0.0472929 0.329742 0 0 0 0 
0.105382 0.32533 0 0 0 0 
-0.0127719 0.392378 0 0 0 0 
0.0453175 0.387966 0 0 0 0 
0.103407 0.383553 0 0 0 0 
0.0433421 0.446189 0 0 0 0 
0.101432 0.441777 0 0 0 0 
0.0994562 0.5 0 0 0 0 
1 2 6
2 7 6
2 3 7
3 8 7
3 4 8
4 9 8
4 5 9
6 7 10
7 11 10
7 8 11
8 12 11
8 9 12
10 11 13
11 14 13
11 12 14
13 14 15
ZONE N=15, E=16, F=FEPOINT, ET=TRIANGLE
-0.25 0 0 0 0 0 
-0.182665 -0.0640111 0 0 0 0 
-0.11533 -0.128022 0 0 0 0 
-0.0479944 -0.192033 0 0 0 0 
0.0193408 -0.256044 0 0 0 0 
-0.1875 0 0 0 0 0 
-0.120165 -0.0640111 0 0 0 0 
-0.0528296 -0.128022 0 0 0 0 
0.0145056 -0.192033 0 0 0 0 
-0.125 0 0 0 0 0 
-0.0576648 -0.0640111 0 0 0 0 
0.00967039 -0.128022 0 0 0 0 
-0.0625 0 0 0 0 0 
0.0048352 -0.0640111 0 0 0 0 
0 0 0 0 0 0 
1 2 6
2 7 6
2 3 7
3 8 7
3 4 8
4 9 8
4 5 9
6 7 10
7 11 10
7 8 11
8 12 11
8 9 12
10 11 13
11 14 13
11 12 14
13 14 15
ZONE N=15, E=16, F=FEPOINT, ET=TRIANGLE
-0.446362 0.668029 0 0 0 0 
-0.441726 0.602278 0 0 0 0 
-0.43709 0.536527 0 0 0 0 
-0.432454 0.470776 0 0 0 0 
-0.427818 0.405025 0 0 0 0 
-0.383141 0.639447 0 0 0 0 
-0.378505 0.573696 0 0 0 0 
-0.373869 0.507946 0 0 0 0 
-0.369233 0.442195 0 0 0 0 
-0.319919 0.610866 0 0 0 0 
-0.315283 0.545115 0 0 0 0 
-0.310647 0.479364 0 0 0 0 
-0.256697 0.582285 0 0 0 0 
-0.252061 0.516534 0 0 0 0 
-0.193476 0.553704 0 0 0 0 
1 2 6
2 7 6
2 3 7
3 8 7
3 4 8
4 9 8
4 5 9
6 7 10
7 11 10
7 8 11
8 12 11
8 9 12
10 11 13
11 14 13
11 12 14
13 14 15
ZONE N=15, E=16, F=FEPOINT, ET=TRIANGLE
-0.427818 0.405025 0 0 0 0 
-0.414614 0.350436 0 0 0 0 
-0.401409 0.295846 0 0 0 0 
-0.388205 0.241257 0 0 0 0 
-0.375 0.186668 0 0 0 0 
-0.352114 0.374958 0 0 0 0 
-0.338909 0.320368 0 0 0 0 
-0.325705 0.265779 0 0 0 0 
-0.3125 0.21119 0 0 0 0 
-0.276409 0.34489 0 0 0 0 
-0.263205 0.290301 0 0 0 0 
-0.25 0.235712 0 0 0 0 
-0.200705 0.314823 0 0 0 0 
-0.1875 0.260234 0 0 0 0 
-0.125 0.284756 0 0 0 0 
1 2 6
2 7 6
2 3 7
3 8 7
3 4 8
4 9 8
4 5 9
6 7 10
7 11 10
7 8 11
8 12 11
8 9 12
10 11 13
11 14 13
11 12 14
13 14 15
ZONE N=15, E=16, F=FEPOINT, ET=TRIANGLE
-0.375 0.186668 0 0 0 0 
-0.40625 0.140001 0 0 0 0 
-0.4375 0.0933338 0 0 0 0 
-0.46875 0.0466669 0 0 0 0 
-0.5 0 0 0 0 0 
-0.34375 0.140001 0 0 0 0 
-0.375 0.0933338 0 0 0 0 
-0.40625 0.0466669 0 0 0 0 
-0.4375 0 0 0 0 0 
-0.3125 0.0933338 0 0 0 0 
-0.34375 0.0466669 0 0 0 0 
-0.375 0 0 0 0 0 
-0.28125 0.0466669 0 0 0 0 
-0.3125 0 0 0 0 0 
-0.25 0 0 0 0 0 
1 2 6
2 7 6
2 3 7
3 8 7
3 4 8
4 9 8
4 5 9
6 7 10
7 11 10
7 8 11
8 12 11
8 9 12
10 11 13
11 14 13
11 12 14
13 14 15
ZONE N=15, E=16, F=FEPOINT, ET=TRIANGLE
-0.25 0 0 0 0 0 
-0.21875 0.0711889 0 0 0 0 
-0.1875 0.142378 0 0 0 0 
-0.15625 0.213567 0 0 0 0 
-0.125 0.284756 0 0 0 0 
-0.28125 0.0466669 0 0 0 0 
-0.25 0.117856 0 0 0 0 
-0.21875 0.189045 0 0 0 0 
-0.1875 0.260234 0 0 0 0 
-0.3125 0.0933338 0 0 0 0 
-0.28125 0.164523 0 0 0 0 
-0.25 0.235712 0 0 0 0 
-0.34375 0.140001 0 0 0 0 
-0.3125 0.21119 0 0 0 0 
-0.375 0.186668 0 0 0 0 
1 2 6
2 7 6
2 3 7
3 8 7
3 4 8
4 9 8
4 5 9
6 7 10
7 11 10
7 8 11
8 12 11
8 9 12
10 11 13
11 14 13
11 12 14
13 14 15
ZONE N=15, E=16, F=FEPOINT, ET=TRIANGLE
-0.212488 -0.366446 0 0 0 0 
-0.221866 -0.274834 0 0 0 0 
-0.231244 -0.183223 0 0 0 0 
-0.240622 -0.0916114 0 0 0 0 
-0.25 0 0 0 0 0 
-0.255175 -0.325935 0 0 0 0 
-0.264553 -0.234323 0 0 0 0 
-0.273931 -0.142712 0 0 0 0 
-0.283309 -0.0511005 0 0 0 0 
-0.297862 -0.285424 0 0 0 0 
-0.307241 -0.193812 0 0 0 0 
-0.316619 -0.102201 0 0 0 0 
-0.34055 -0.244913 0 0 0 0 
-0.349928 -0.153301 0 0 0 0 
-0.383237 -0.204402 0 0 0 0 
1 2 6
2 7 6
2 3 7
3 8 7
3 4 8
4 9 8
4 5 9
6 7 10
7 11 10
7 8 11
8 12 11
8 9 12
10 11 13
11 14 13
11 12 14
13 14 15
ZONE N=15, E=16, F=FEPOINT, ET=TRIANGLE
-0.5 0 0 0 0 0 
-0.5625 -0.0372961 0 0 0 0 
-0.625 -0.0745921 0 0 0 0 
-0.6875 -0.111888 0 0 0 0 
-0.75 -0.149184 0 0 0 0 
-0.470809 -0.0511005 0 0 0 0 
-0.533309 -0.0883966 0 0 0 0 
-0.595809 -0.125693 0 0 0 0 
-0.658309 -0.162989 0 0 0 0 
-0.441619 -0.102201 0 0 0 0 
-0.504119 -0.139497 0 0 0 0 
-0.566619 -0.176793 0 0 0 0 
-0.412428 -0.153301 0 0 0 0 
-0.474928 -0.190598 0 0 0 0 
-0.383237 -0.204402 0 0 0 0 
1 2 6
2 7 6
2 3 7
3 8 7
3 4 8
4 9 8
4 5 9
6 7 10
7 11 10
7 8 11
8 12 11
8 9 12
10 11 13
11 14 13
11 12 14
13 14 15
ZONE N=15, E=16, F=FEPOINT, ET=TRIANGLE
-0.707107 0.707107 0 0 0 0 
-0.699206 0.626868 0 0 0 0 
-0.691304 0.546629 0 0 0 0 
-0.683403 0.46639 0 0 0 0 
-0.675502 0.386151 0 0 0 0 
-0.641921 0.697337 0 0 0 0 
-0.63402 0.617098 0 0 0 0 
-0.626118 0.53686 0 0 0 0 
-0.618217 0.456621 0 0 0 0 
-0.576735 0.687568 0 0 0 0 
-0.568833 0.607329 0 0 0 0 
-0.560932 0.52709 0 0 0 0 
-0.511548 0.677798 0 0 0 0 
-0.503647 0.597559 0 0 0 0 
-0.446362 0.668029 0 0 0 0 
1 2 6
2 7 6
2 3 7
3 8 7
3 4 8
4 9 8
4 5 9
6 7 10
7 11 10
7 8 11
8 12 11
8 9 12
10 11 13
11 14 13
11 12 14
13 14 15
ZONE N=15, E=16, F=FEPOINT, ET=TRIANGLE
-0.193476 0.553704 0 0 0 0 
-0.252061 0.516534 0 0 0 0 
-0.310647 0.479364 0 0 0 0 
-0.369233 0.442195 0 0 0 0 
-0.427818 0.405025 0 0 0 0 
-0.176357 0.486467 0 0 0 0 
-0.234942 0.449297 0 0 0 0 
-0.293528 0.412127 0 0 0 0 
-0.352114 0.374958 0 0 0 0 
-0.159238 0.41923 0 0 0 0 
-0.217824 0.38206 0 0 0 0 
-0.276409 0.34489 0 0 0 0 
-0.142119 0.351993 0 0 0 0 
-0.200705 0.314823 0 0 0 0 
-0.125 0.284756 0 0 0 0 
1 2 6
2 7 6
2 3 7
3 8 7
3 4 8
4 9 8
4 5 9
6 7 10
7 11 10
7 8 11
8 12 11
8 9 12
10 11 13
11 14 13
11 12 14
13 14 15
ZONE N=15, E=16, F=FEPOINT, ET=TRIANGLE
-0.193476 0.553704 0 0 0 0 
-0.176357 0.486467 0 0 0 0 
-0.159238 0.41923 0 0 0 0 
-0.142119 0.351993 0 0 0 0 
-0.125 0.284756 0 0 0 0 
-0.120243 0.540278 0 0 0 0 
-0.103124 0.473041 0 0 0 0 
-0.0860048 0.405804 0 0 0 0 
-0.068886 0.338567 0 0 0 0 
-0.0470097 0.526852 0 0 0 0 
-0.0298908 0.459615 0 0 0 0 
-0.0127719 0.392378 0 0 0 0 
0.0262232 0.513426 0 0 0 0 
0.0433421 0.446189 0 0 0 0 
0.0994562 0.5 0 0 0 0 
1 2 6
2 7 6
2 3 7
3 8 7
3 4 8
4 9 8
4 5 9
6 7 10
7 11 10
7 8 11
8 12 11
8 9 12
10 11 13
11 14 13
11 12 14
13 14 15
ZONE N=15, E=16, F=FEPOINT, ET=TRIANGLE
0.0994562 0.5 0 0 0 0 
0.072539 0.559619 0 0 0 0 
0.0456218 0.619237 0 0 0 0 
0.0187046 0.678856 0 0 0 0 
-0.00821254 0.738475 0 0 0 0 
0.0262232 0.513426 0 0 0 0 
-0.000693936 0.573045 0 0 0 0 
-0.0276111 0.632663 0 0 0 0 
-0.0545283 0.692282 0 0 0 0 
-0.0470097 0.526852 0 0 0 0 
-0.0739269 0.586471 0 0 0 0 
-0.100844 0.646089 0 0 0 0 
-0.120243 0.540278 0 0 0 0 
-0.14716 0.599896 0 0 0 0 
-0.193476 0.553704 0 0 0 0 
1 2 6
2 7 6
2 3 7
3 8 7
3 4 8
4 9 8
4 5 9
6 7 10
7 11 10
7 8 11
8 12 11
8 9 12
10 11 13
11 14 13
11 12 14
13 14 15
ZONE N=15, E=16, F=FEPOINT, ET=TRIANGLE
0.245053 0.709278 0 0 0 0 
0.181737 0.716577 0 0 0 0 
0.11842 0.723877 0 0 0 0 
0.0551038 0.731176 0 0 0 0 
-0.00821254 0.738475 0 0 0 0 
0.208654 0.656959 0 0 0 0 
0.145337 0.664258 0 0 0 0 
0.082021 0.671557 0 0 0 0 
0.0187046 0.678856 0 0 0 0 
0.172255 0.604639 0 0 0 0 
0.108938 0.611938 0 0 0 0 
0.0456218 0.619237 0 0 0 0 
0.135855 0.55232 0 0 0 0 
0.072539 0.559619 0 0 0 0 
0.0994562 0.5 0 0 0 0 
1 2 6
2 7 6
2 3 7
3 8 7
3 4 8
4 9 8
4 5 9
6 7 10
7 11 10
7 8 11
8 12 11
8 9 12
10 11 13
11 14 13
11 12 14
13 14 15
ZONE N=15, E=16, F=FEPOINT, ET=TRIANGLE
-0.382683 0.92388 0 0 0 0 
-0.343338 0.885629 0 0 0 0 
-0.303993 0.847379 0 0 0 0 
-0.264648 0.809129 0 0 0 0 
-0.225302 0.770879 0 0 0 0 
-0.287013 0.94291 0 0 0 0 
-0.247667 0.904659 0 0 0 0 
-0.208322 0.866409 0 0 0 0 
-0.168977 0.828159 0 0 0 0 
-0.191342 0.96194 0 0 0 0 
-0.151996 0.92369 0 0 0 0 
-0.112651 0.885439 0 0 0 0 
-0.0956709 0.98097 0 0 0 0 
-0.0563256 0.94272 0 0 0 0 
6.12323e-17 1 0 0 0 0 
1 2 6
2 7 6
2 3 7
3 8 7
3 4 8
4 9 8
4 5 9
6 7 10
7 11 10
7 8 11
8 12 11
8 9 12
10 11 13
11 14 13
11 12 14
13 14 15
ZONE N=15, E=16, F=FEPOINT, ET=TRIANGLE
0.245053 0.709278 0 0 0 0 
0.208654 0.656959 0 0 0 0 
0.172255 0.604639 0 0 0 0 
0.135855 0.55232 0 0 0 0 
0.0994562 0.5 0 0 0 0 
0.269036 0.653771 0 0 0 0 
0.232637 0.601452 0 0 0 0 
0.196238 0.549132 0 0 0 0 
0.159839 0.496813 0 0 0 0 
0.29302 0.598265 0 0 0 0 
0.25662 0.545945 0 0 0 0 
0.220221 0.493625 0 0 0 0 
0.317003 0.542758 0 0 0 0 
0.280604 0.490438 0 0 0 0 
0.340986 0.487251 0 0 0 0 
1 2 6
2 7 6
2 3 7
3 8 7
3 4 8
4 9 8
4 5 9
6 7 10
7 11 10
7 8 11
8 12 11
8 9 12
10 11 13
11 14 13
11 12 14
13 14 15
ZONE N=15, E=16, F=FEPOINT, ET=TRIANGLE
0.475935 0.677298 0 0 0 0 
0.442198 0.629787 0 0 0 0 
0.408461 0.582275 0 0 0 0 
0.374723 0.534763 0 0 0 0 
0.340986 0.487251 0 0 0 0 
0.494904 0.600151 0 0 0 0 
0.461167 0.552639 0 0 0 0 
0.42743 0.505127 0 0 0 0 
0.393693 0.457615 0 0 0 0 
0.513873 0.523003 0 0 0 0 
0.480136 0.475492 0 0 0 0 
0.446399 0.42798 0 0 0 0 
0.532842 0.445856 0 0 0 0 
0.499105 0.398344 0 0 0 0 
0.551811 0.368708 0 0 0 0 
1 2 6
2 7 6
2 3 7
3 8 7
3 4 8
4 9 8
4 5 9
6 7 10
7 11 10
7 8 11
8 12 11
8 9 12
10 11 13
11 14 13
11 12 14
13 14 15
ZONE N=15, E=16, F=FEPOINT, ET=TRIANGLE
-0.225302 0.770879 0 0 0 0 
-0.217346 0.716585 0 0 0 0 
-0.209389 0.662291 0 0 0 0 
-0.201432 0.607997 0 0 0 0 
-0.193476 0.553704 0 0 0 0 
-0.17103 0.762778 0 0 0 0 
-0.163073 0.708484 0 0 0 0 
-0.155117 0.65419 0 0 0 0 
-0.14716 0.599896 0 0 0 0 
-0.116757 0.754677 0 0 0 0 
-0.108801 0.700383 0 0 0 0 
-0.100844 0.646089 0 0 0 0 
-0.062485 0.746576 0 0 0 0 
-0.0545283 0.692282 0 0 0 0 
-0.00821254 0.738475 0 0 0 0 
1 2 6
2 7 6
2 3 7
3 8 7
3 4 8
4 9 8
4 5 9
6 7 10
7 11 10
7 8 11
8 12 11
8 9 12
10 11 13
11 14 13
11 12 14
13 14 15
ZONE N=15, E=16, F=FEPOINT, ET=TRIANGLE
-0.00821254 0.738475 0 0 0 0 
-0.00615941 0.803856 0 0 0 0 
-0.00410627 0.869237 0 0 0 0 
-0.00205314 0.934619 0 0 0 0 
6.12323e-17 1 0 0 0 0 
-0.062485 0.746576 0 0 0 0 
-0.0604319 0.811957 0 0 0 0 
-0.0583787 0.877338 0 0 0 0 
-0.0563256 0.94272 0 0 0 0 
-0.116757 0.754677 0 0 0 0 
-0.114704 0.820058 0 0 0 0 
-0.112651 0.885439 0 0 0 0 
-0.17103 0.762778 0 0 0 0 
-0.168977 0.828159 0 0 0 0 
-0.225302 0.770879 0 0 0 0 
1 2 6
2 7 6
2 3 7
3 8 7
3 4 8
4 9 8
4 5 9
6 7 10
7 11 10
7 8 11
8 12 11
8 9 12
10 11 13
11 14 13
11 12 14
13 14 15
ZONE N=15, E=16, F=FEPOINT, ET=TRIANGLE
0.338251 0.235641 0 0 0 0 
0.280527 0.243508 0 0 0 0 
0.222804 0.251374 0 0 0 0 
0.165081 0.259241 0 0 0 0 
0.107358 0.267107 0 0 0 0 
0.316188 0.176731 0 0 0 0 
0.258465 0.184597 0 0 0 0 
0.200742 0.192464 0 0 0 0 
0.143018 0.20033 0 0 0 0 
0.294125 0.117821 0 0 0 0 
0.236402 0.125687 0 0 0 0 
0.178679 0.133553 0 0 0 0 
0.272063 0.0589103 0 0 0 0 
0.214339 0.0667767 0 0 0 0 
0.25 0 0 0 0 0 
1 2 6
2 7 6
2 3 7
3 8 7
3 4 8
4 9 8
4 5 9
6 7 10
7 11 10
7 8 11
8 12 11
8 9 12
10 11 13
11 14 13
11 12 14
13 14 15
ZONE N=15, E=16, F=FEPOINT, ET=TRIANGLE
0.707107 0.707107 0 0 0 0 
0.649314 0.699655 0 0 0 0 
0.591521 0.692203 0 0 0 0 
0.533728 0.684751 0 0 0 0 
0.475935 0.677298 0 0 0 0 
0.668283 0.622507 0 0 0 0 
0.61049 0.615055 0 0 0 0 
0.552697 0.607603 0 0 0 0 
0.494904 0.600151 0 0 0 0 
0.629459 0.537908 0 0 0 0 
0.571666 0.530455 0 0 0 0 
0.513873 0.523003 0 0 0 0 
0.590635 0.453308 0 0 0 0 
0.532842 0.445856 0 0 0 0 
0.551811 0.368708 0 0 0 0 
1 2 6
2 7 6
2 3 7
3 8 7
3 4 8
4 9 8
4 5 9
6 7 10
7 11 10
7 8 11
8 12 11
8 9 12
10 11 13
11 14 13
11 12 14
13 14 15
ZONE N=15, E=16, F=FEPOINT, ET=TRIANGLE
0.5 0 0 0 0 0 
0.512953 0.0921771 0 0 0 0 
0.525906 0.184354 0 0 0 0 
0.538858 0.276531 0 0 0 0 
0.551811 0.368708 0 0 0 0 
0.459563 0.0589103 0 0 0 0 
0.472515 0.151087 0 0 0 0 
0.485468 0.243264 0 0 0 0 
0.498421 0.335442 0 0 0 0 
0.419125 0.117821 0 0 0 0 
0.432078 0.209998 0 0 0 0 
0.445031 0.302175 0 0 0 0 
0.378688 0.176731 0 0 0 0 
0.391641 0.268908 0 0 0 0 
0.338251 0.235641 0 0 0 0 
1 2 6
2 7 6
2 3 7
3 8 7
3 4 8
4 9 8
4 5 9
6 7 10
7 11 10
7 8 11
8 12 11
8 9 12
10 11 13
11 14 13
11 12 14
13 14 15
ZONE N=15, E=16, F=FEPOINT, ET=TRIANGLE
0.340986 0.487251 0 0 0 0 
0.340302 0.424349 0 0 0 0 
0.339618 0.361446 0 0 0 0 
0.338935 0.298544 0 0 0 0 
0.338251 0.235641 0 0 0 0 
0.393693 0.457615 0 0 0 0 
0.393009 0.394713 0 0 0 0 
0.392325 0.33181 0 0 0 0 
0.391641 0.268908 0 0 0 0 
0.446399 0.42798 0 0 0 0 
0.445715 0.365077 0 0 0 0 
0.445031 0.302175 0 0 0 0 
0.499105 0.398344 0 0 0 0 
0.498421 0.335442 0 0 0 0 
0.551811 0.368708 0 0 0 0 
1 2 6
2 7 6
2 3 7
3 8 7
3 4 8
4 9 8
4 5 9
6 7 10
7 11 10
7 8 11
8 12 11
8 9 12
10 11 13
11 14 13
11 12 14
13 14 15
ZONE N=15, E=16, F=FEPOINT, ET=TRIANGLE
0.707107 0.707107 0 0 0 0 
0.626001 0.7613 0 0 0 0 
0.544895 0.815493 0 0 0 0 
0.463789 0.869686 0 0 0 0 
0.382683 0.92388 0 0 0 0 
0.649314 0.699655 0 0 0 0 
0.568208 0.753848 0 0 0 0 
0.487102 0.808041 0 0 0 0 
0.405996 0.862234 0 0 0 0 
0.591521 0.692203 0 0 0 0 
0.510415 0.746396 0 0 0 0 
0.429309 0.800589 0 0 0 0 
0.533728 0.684751 0 0 0 0 
0.452622 0.738944 0 0 0 0 
0.475935 0.677298 0 0 0 0 
1 2 6
2 7 6
2 3 7
3 8 7
3 4 8
4 9 8
4 5 9
6 7 10
7 11 10
7 8 11
8 12 11
8 9 12
10 11 13
11 14 13
11 12 14
13 14 15
ZONE N=15, E=16, F=FEPOINT, ET=TRIANGLE
0.475935 0.677298 0 0 0 0 
0.418214 0.685293 0 0 0 0 
0.360494 0.693288 0 0 0 0 
0.302773 0.701283 0 0 0 0 
0.245053 0.709278 0 0 0 0 
0.442198 0.629787 0 0 0 0 
0.384477 0.637782 0 0 0 0 
0.326757 0.645777 0 0 0 0 
0.269036 0.653771 0 0 0 0 
0.408461 0.582275 0 0 0 0 
0.35074 0.59027 0 0 0 0 
0.29302 0.598265 0 0 0 0 
0.374723 0.534763 0 0 0 0 
0.317003 0.542758 0 0 0 0 
0.340986 0.487251 0 0 0 0 
1 2 6
2 7 6
2 3 7
3 8 7
3 4 8
4 9 8
4 5 9
6 7 10
7 11 10
7 8 11
8 12 11
8 9 12
10 11 13
11 14 13
11 12 14
13 14 15
ZONE N=15, E=16, F=FEPOINT, ET=TRIANGLE
0.0994562 0.5 0 0 0 0 
0.101432 0.441777 0 0 0 0 
0.103407 0.383553 0 0 0 0 
0.105382 0.32533 0 0 0 0 
0.107358 0.267107 0 0 0 0 
0.159839 0.496813 0 0 0 0 
0.161814 0.438589 0 0 0 0 
0.16379 0.380366 0 0 0 0 
0.165765 0.322143 0 0 0 0 
0.220221 0.493625 0 0 0 0 
0.222197 0.435402 0 0 0 0 
0.224172 0.377179 0 0 0 0 
0.280604 0.490438 0 0 0 0 
0.282579 0.432215 0 0 0 0 
0.340986 0.487251 0 0 0 0 
1 2 6
2 7 6
2 3 7
3 8 7
3 4 8
4 9 8
4 5 9
6 7 10
7 11 10
7 8 11
8 12 11
8 9 12
10 11 13
11 14 13
11 12 14
13 14 15
ZONE N=15, E=16, F=FEPOINT, ET=TRIANGLE
0.25 0 0 0 0 0 
0.3125 0 0 0 0 0 
0.375 0 0 0 0 0 
0.4375 0 0 0 0 0 
0.5 0 0 0 0 0 
0.272063 0.0589103 0 0 0 0 
0.334563 0.0589103 0 0 0 0 
0.397063 0.0589103 0 0 0 0 
0.459563 0.0589103 0 0 0 0 
0.294125 0.117821 0 0 0 0 
0.356625 0.117821 0 0 0 0 
0.419125 0.117821 0 0 0 0 
0.316188 0.176731 0 0 0 0 
0.378688 0.176731 0 0 0 0 
0.338251 0.235641 0 0 0 0 
1 2 6
2 7 6
2 3 7
3 8 7
3 4 8
4 9 8
4 5 9
6 7 10
7 11 10
7 8 11
8 12 11
8 9 12
10 11 13
11 14 13
11 12 14
13 14 15
ZONE N=15, E=16, F=FEPOINT, ET=TRIANGLE
-0.125 0.284756 0 0 0 0 
-0.09375 0.213567 0 0 0 0 
-0.0625 0.142378 0 0 0 0 
-0.03125 0.0711889 0 0 0 0 
0 0 0 0 0 0 
-0.0669106 0.280343 0 0 0 0 
-0.0356606 0.209155 0 0 0 0 
-0.00441056 0.137966 0 0 0 0 
0.0268394 0.0667767 0 0 0 0 
-0.00882113 0.275931 0 0 0 0 
0.0224289 0.204742 0 0 0 0 
0.0536789 0.133553 0 0 0 0 
0.0492683 0.271519 0 0 0 0 
0.0805183 0.20033 0 0 0 0 
0.107358 0.267107 0 0 0 0 
1 2 6
2 7 6
2 3 7
3 8 7
3 4 8
4 9 8
4 5 9
6 7 10
7 11 10
7 8 11
8 12 11
8 9 12
10 11 13
11 14 13
11 12 14
13 14 15
ZONE N=15, E=16, F=FEPOINT, ET=TRIANGLE
0.338251 0.235641 0 0 0 0 
0.338935 0.298544 0 0 0 0 
0.339618 0.361446 0 0 0 0 
0.340302 0.424349 0 0 0 0 
0.340986 0.487251 0 0 0 0 
0.280527 0.243508 0 0 0 0 
0.281211 0.30641 0 0 0 0 
0.281895 0.369313 0 0 0 0 
0.282579 0.432215 0 0 0 0 
0.222804 0.251374 0 0 0 0 
0.223488 0.314277 0 0 0 0 
0.224172 0.377179 0 0 0 0 
0.165081 0.259241 0 0 0 0 
0.165765 0.322143 0 0 0 0 
0.107358 0.267107 0 0 0 0 
1 2 6
2 7 6
2 3 7
3 8 7
3 4 8
4 9 8
4 5 9
6 7 10
7 11 10
7 8 11
8 12 11
8 9 12
10 11 13
11 14 13
11 12 14
13 14 15
ZONE N=15, E=16, F=FEPOINT, ET=TRIANGLE
0.382683 -0.92388 0 0 0 0 
0.390323 -0.85037 0 0 0 0 
0.397963 -0.776861 0 0 0 0 
0.405603 -0.703351 0 0 0 0 
0.413242 -0.629842 0 0 0 0 
0.325333 -0.885559 0 0 0 0 
0.332973 -0.81205 0 0 0 0 
0.340612 -0.73854 0 0 0 0 
0.348252 -0.665031 0 0 0 0 
0.267982 -0.847239 0 0 0 0 
0.275622 -0.773729 0 0 0 0 
0.283262 -0.70022 0 0 0 0 
0.210632 -0.808918 0 0 0 0 
0.218272 -0.735409 0 0 0 0 
0.153281 -0.770598 0 0 0 0 
1 2 6
2 7 6
2 3 7
3 8 7
3 4 8
4 9 8
4 5 9
6 7 10
7 11 10
7 8 11
8 12 11
8 9 12
10 11 13
11 14 13
11 12 14
13 14 15
ZONE N=15, E=16, F=FEPOINT, ET=TRIANGLE
-0.1029 -0.541563 0 0 0 0 
-0.0388547 -0.598822 0 0 0 0 
0.0251907 -0.656081 0 0 0 0 
0.0892361 -0.713339 0 0 0 0 
0.153281 -0.770598 0 0 0 0 
-0.052311 -0.531172 0 0 0 0 
0.0117344 -0.588431 0 0 0 0 
0.0757798 -0.64569 0 0 0 0 
0.139825 -0.702949 0 0 0 0 
-0.00172193 -0.520782 0 0 0 0 
0.0623235 -0.57804 0 0 0 0 
0.126369 -0.635299 0 0 0 0 
0.0488671 -0.510391 0 0 0 0 
0.112913 -0.56765 0 0 0 0 
0.0994562 -0.5 0 0 0 0 
1 2 6
2 7 6
2 3 7
3 8 7
3 4 8
4 9 8
4 5 9
6 7 10
7 11 10
7 8 11
8 12 11
8 9 12
10 11 13
11 14 13
11 12 14
13 14 15
ZONE N=15, E=16, F=FEPOINT, ET=TRIANGLE
0.382683 -0.92388 0 0 0 0 
0.463789 -0.869686 0 0 0 0 
0.544895 -0.815493 0 0 0 0 
0.626001 -0.7613 0 0 0 0 
0.707107 -0.707107 0 0 0 0 
0.390323 -0.85037 0 0 0 0 
0.471429 -0.796177 0 0 0 0 
0.552535 -0.741984 0 0 0 0 
0.633641 -0.687791 0 0 0 0 
0.397963 -0.776861 0 0 0 0 
0.479069 -0.722668 0 0 0 0 
0.560175 -0.668474 0 0 0 0 
0.405603 -0.703351 0 0 0 0 
0.486709 -0.649158 0 0 0 0 
0.413242 -0.629842 0 0 0 0 
1 2 6
2 7 6
2 3 7
3 8 7
3 4 8
4 9 8
4 5 9
6 7 10
7 11 10
7 8 11
8 12 11
8 9 12
10 11 13
11 14 13
11 12 14
13 14 15
ZONE N=15, E=16, F=FEPOINT, ET=TRIANGLE
0.287539 -0.303101 0 0 0 0 
0.318965 -0.384786 0 0 0 0 
0.35039 -0.466471 0 0 0 0 
0.381816 -0.548157 0 0 0 0 
0.413242 -0.629842 0 0 0 0 
0.353607 -0.319503 0 0 0 0 
0.385033 -0.401188 0 0 0 0 
0.416459 -0.482873 0 0 0 0 
0.447885 -0.564559 0 0 0 0 
0.419675 -0.335905 0 0 0 0 
0.451101 -0.41759 0 0 0 0 
0.482527 -0.499275 0 0 0 0 
0.485743 -0.352306 0 0 0 0 
0.517169 -0.433992 0 0 0 0 
0.551811 -0.368708 0 0 0 0 
1 2 6
2 7 6
2 3 7
3 8 7
3 4 8
4 9 8
4 5 9
6 7 10
7 11 10
7 8 11
8 12 11
8 9 12
10 11 13
11 14 13
11 12 14
13 14 15
ZONE N=15, E=16, F=FEPOINT, ET=TRIANGLE
0.83147 -0.55557 0 0 0 0 
0.761555 -0.508855 0 0 0 0 
0.69164 -0.462139 0 0 0 0 
0.621726 -0.415424 0 0 0 0 
0.551811 -0.368708 0 0 0 0 
0.800379 -0.593454 0 0 0 0 
0.730464 -0.546739 0 0 0 0 
0.66055 -0.500023 0 0 0 0 
0.590635 -0.453308 0 0 0 0 
0.769288 -0.631339 0 0 0 0 
0.699374 -0.584623 0 0 0 0 
0.629459 -0.537908 0 0 0 0 
0.738197 -0.669223 0 0 0 0 
0.668283 -0.622507 0 0 0 0 
0.707107 -0.707107 0 0 0 0 
1 2 6
2 7 6
2 3 7
3 8 7
3 4 8
4 9 8
4 5 9
6 7 10
7 11 10
7 8 11
8 12 11
8 9 12
10 11 13
11 14 13
11 12 14
13 14 15
ZONE N=15, E=16, F=FEPOINT, ET=TRIANGLE
0.83147 0.55557 0 0 0 0 
0.761555 0.508855 0 0 0 0 
0.69164 0.462139 0 0 0 0 
0.621726 0.415424 0 0 0 0 
0.551811 0.368708 0 0 0 0 
0.854572 0.512349 0 0 0 0 
0.784657 0.465633 0 0 0 0 
0.714743 0.418918 0 0 0 0 
0.644828 0.372202 0 0 0 0 
0.877675 0.469127 0 0 0 0 
0.80776 0.422411 0 0 0 0 
0.737845 0.375696 0 0 0 0 
0.900777 0.425905 0 0 0 0 
0.830862 0.37919 0 0 0 0 
0.92388 0.382683 0 0 0 0 
1 2 6
2 7 6
2 3 7
3 8 7
3 4 8
4 9 8
4 5 9
6 7 10
7 11 10
7 8 11
8 12 11
8 9 12
10 11 13
11 14 13
11 12 14
13 14 15
