ZONE N=15, E=16, F=FEPOINT, ET=TRIANGLE
-0.25 -0.4375 0 0 0 0 
-0.1875 -0.578125 0 0 0 0 
-0.125 -0.71875 0 0 0 0 
-0.0625 -0.859375 0 0 0 0 
0 -1 0 0 0 0 
-0.125 -0.453125 0 0 0 0 
-0.0625 -0.59375 0 0 0 0 
0 -0.734375 0 0 0 0 
0.0625 -0.875 0 0 0 0 
0 -0.46875 0 0 0 0 
0.0625 -0.609375 0 0 0 0 
0.125 -0.75 0 0 0 0 
0.125 -0.484375 0 0 0 0 
0.1875 -0.625 0 0 0 0 
0.25 -0.5 0 0 0 0 
1 2 6
2 7 6
2 3 7
3 8 7
3 4 8
4 9 8
4 5 9
6 7 10
7 11 10
7 8 11
8 12 11
8 9 12
10 11 13
11 14 13
11 12 14
13 14 15
ZONE N=15, E=16, F=FEPOINT, ET=TRIANGLE
-0.25 -0.4375 0 0 0 0 
-0.4375 -0.453125 0 0 0 0 
-0.625 -0.46875 0 0 0 0 
-0.8125 -0.484375 0 0 0 0 
-1 -0.5 0 0 0 0 
-0.3125 -0.578125 0 0 0 0 
-0.5 -0.59375 0 0 0 0 
-0.6875 -0.609375 0 0 0 0 
-0.875 -0.625 0 0 0 0 
-0.375 -0.71875 0 0 0 0 
-0.5625 -0.734375 0 0 0 0 
-0.75 -0.75 0 0 0 0 
-0.4375 -0.859375 0 0 0 0 
-0.625 -0.875 0 0 0 0 
-0.5 -1 0 0 0 0 
1 2 6
2 7 6
2 3 7
3 8 7
3 4 8
4 9 8
4 5 9
6 7 10
7 11 10
7 8 11
8 12 11
8 9 12
10 11 13
11 14 13
11 12 14
13 14 15
ZONE N=15, E=16, F=FEPOINT, ET=TRIANGLE
-0.25 0.5 0 0 0 0 
-0.3125 0.375 0 0 0 0 
-0.375 0.25 0 0 0 0 
-0.4375 0.125 0 0 0 0 
-0.5 0 0 0 0 0 
-0.1875 0.375 0 0 0 0 
-0.25 0.25 0 0 0 0 
-0.3125 0.125 0 0 0 0 
-0.375 0 0 0 0 0 
-0.125 0.25 0 0 0 0 
-0.1875 0.125 0 0 0 0 
-0.25 0 0 0 0 0 
-0.0625 0.125 0 0 0 0 
-0.125 0 0 0 0 0 
0 0 0 0 0 0 
1 2 6
2 7 6
2 3 7
3 8 7
3 4 8
4 9 8
4 5 9
6 7 10
7 11 10
7 8 11
8 12 11
8 9 12
10 11 13
11 14 13
11 12 14
13 14 15
ZONE N=15, E=16, F=FEPOINT, ET=TRIANGLE
-1 0 0 0 0 0 
-0.875 0 0 0 0 0 
-0.75 0 0 0 0 0 
-0.625 0 0 0 0 0 
-0.5 0 0 0 0 0 
-1 0.125 0 0 0 0 
-0.875 0.125 0 0 0 0 
-0.75 0.125 0 0 0 0 
-0.625 0.125 0 0 0 0 
-1 0.25 0 0 0 0 
-0.875 0.25 0 0 0 0 
-0.75 0.25 0 0 0 0 
-1 0.375 0 0 0 0 
-0.875 0.375 0 0 0 0 
-1 0.5 0 0 0 0 
1 2 6
2 7 6
2 3 7
3 8 7
3 4 8
4 9 8
4 5 9
6 7 10
7 11 10
7 8 11
8 12 11
8 9 12
10 11 13
11 14 13
11 12 14
13 14 15
ZONE N=15, E=16, F=FEPOINT, ET=TRIANGLE
0 0 0 0 0 0 
0.0625 -0.125 0 0 0 0 
0.125 -0.25 0 0 0 0 
0.1875 -0.375 0 0 0 0 
0.25 -0.5 0 0 0 0 
0.125 0 0 0 0 0 
0.1875 -0.125 0 0 0 0 
0.25 -0.25 0 0 0 0 
0.3125 -0.375 0 0 0 0 
0.25 0 0 0 0 0 
0.3125 -0.125 0 0 0 0 
0.375 -0.25 0 0 0 0 
0.375 0 0 0 0 0 
0.4375 -0.125 0 0 0 0 
0.5 0 0 0 0 0 
1 2 6
2 7 6
2 3 7
3 8 7
3 4 8
4 9 8
4 5 9
6 7 10
7 11 10
7 8 11
8 12 11
8 9 12
10 11 13
11 14 13
11 12 14
13 14 15
ZONE N=15, E=16, F=FEPOINT, ET=TRIANGLE
0.25 -0.5 0 0 0 0 
0.4375 -0.625 0 0 0 0 
0.625 -0.75 0 0 0 0 
0.8125 -0.875 0 0 0 0 
1 -1 0 0 0 0 
0.4375 -0.5 0 0 0 0 
0.625 -0.625 0 0 0 0 
0.8125 -0.75 0 0 0 0 
1 -0.875 0 0 0 0 
0.625 -0.5 0 0 0 0 
0.8125 -0.625 0 0 0 0 
1 -0.75 0 0 0 0 
0.8125 -0.5 0 0 0 0 
1 -0.625 0 0 0 0 
1 -0.5 0 0 0 0 
1 2 6
2 7 6
2 3 7
3 8 7
3 4 8
4 9 8
4 5 9
6 7 10
7 11 10
7 8 11
8 12 11
8 9 12
10 11 13
11 14 13
11 12 14
13 14 15
ZONE N=15, E=16, F=FEPOINT, ET=TRIANGLE
0.25 0.4375 0 0 0 0 
0.4375 0.453125 0 0 0 0 
0.625 0.46875 0 0 0 0 
0.8125 0.484375 0 0 0 0 
1 0.5 0 0 0 0 
0.3125 0.578125 0 0 0 0 
0.5 0.59375 0 0 0 0 
0.6875 0.609375 0 0 0 0 
0.875 0.625 0 0 0 0 
0.375 0.71875 0 0 0 0 
0.5625 0.734375 0 0 0 0 
0.75 0.75 0 0 0 0 
0.4375 0.859375 0 0 0 0 
0.625 0.875 0 0 0 0 
0.5 1 0 0 0 0 
1 2 6
2 7 6
2 3 7
3 8 7
3 4 8
4 9 8
4 5 9
6 7 10
7 11 10
7 8 11
8 12 11
8 9 12
10 11 13
11 14 13
11 12 14
13 14 15
ZONE N=15, E=16, F=FEPOINT, ET=TRIANGLE
0.25 0.4375 0 0 0 0 
0.1875 0.578125 0 0 0 0 
0.125 0.71875 0 0 0 0 
0.0625 0.859375 0 0 0 0 
0 1 0 0 0 0 
0.125 0.453125 0 0 0 0 
0.0625 0.59375 0 0 0 0 
0 0.734375 0 0 0 0 
-0.0625 0.875 0 0 0 0 
0 0.46875 0 0 0 0 
-0.0625 0.609375 0 0 0 0 
-0.125 0.75 0 0 0 0 
-0.125 0.484375 0 0 0 0 
-0.1875 0.625 0 0 0 0 
-0.25 0.5 0 0 0 0 
1 2 6
2 7 6
2 3 7
3 8 7
3 4 8
4 9 8
4 5 9
6 7 10
7 11 10
7 8 11
8 12 11
8 9 12
10 11 13
11 14 13
11 12 14
13 14 15
ZONE N=15, E=16, F=FEPOINT, ET=TRIANGLE
-1 -0.5 0 0 0 0 
-0.875 -0.375 0 0 0 0 
-0.75 -0.25 0 0 0 0 
-0.625 -0.125 0 0 0 0 
-0.5 0 0 0 0 0 
-1 -0.375 0 0 0 0 
-0.875 -0.25 0 0 0 0 
-0.75 -0.125 0 0 0 0 
-0.625 0 0 0 0 0 
-1 -0.25 0 0 0 0 
-0.875 -0.125 0 0 0 0 
-0.75 0 0 0 0 0 
-1 -0.125 0 0 0 0 
-0.875 0 0 0 0 0 
-1 0 0 0 0 0 
1 2 6
2 7 6
2 3 7
3 8 7
3 4 8
4 9 8
4 5 9
6 7 10
7 11 10
7 8 11
8 12 11
8 9 12
10 11 13
11 14 13
11 12 14
13 14 15
ZONE N=15, E=16, F=FEPOINT, ET=TRIANGLE
-1 1 0 0 0 0 
-1 0.875 0 0 0 0 
-1 0.75 0 0 0 0 
-1 0.625 0 0 0 0 
-1 0.5 0 0 0 0 
-0.8125 0.875 0 0 0 0 
-0.8125 0.75 0 0 0 0 
-0.8125 0.625 0 0 0 0 
-0.8125 0.5 0 0 0 0 
-0.625 0.75 0 0 0 0 
-0.625 0.625 0 0 0 0 
-0.625 0.5 0 0 0 0 
-0.4375 0.625 0 0 0 0 
-0.4375 0.5 0 0 0 0 
-0.25 0.5 0 0 0 0 
1 2 6
2 7 6
2 3 7
3 8 7
3 4 8
4 9 8
4 5 9
6 7 10
7 11 10
7 8 11
8 12 11
8 9 12
10 11 13
11 14 13
11 12 14
13 14 15
ZONE N=15, E=16, F=FEPOINT, ET=TRIANGLE
-0.5 0 0 0 0 0 
-0.4375 0.125 0 0 0 0 
-0.375 0.25 0 0 0 0 
-0.3125 0.375 0 0 0 0 
-0.25 0.5 0 0 0 0 
-0.625 0.125 0 0 0 0 
-0.5625 0.25 0 0 0 0 
-0.5 0.375 0 0 0 0 
-0.4375 0.5 0 0 0 0 
-0.75 0.25 0 0 0 0 
-0.6875 0.375 0 0 0 0 
-0.625 0.5 0 0 0 0 
-0.875 0.375 0 0 0 0 
-0.8125 0.5 0 0 0 0 
-1 0.5 0 0 0 0 
1 2 6
2 7 6
2 3 7
3 8 7
3 4 8
4 9 8
4 5 9
6 7 10
7 11 10
7 8 11
8 12 11
8 9 12
10 11 13
11 14 13
11 12 14
13 14 15
ZONE N=15, E=16, F=FEPOINT, ET=TRIANGLE
1 0 0 0 0 0 
0.875 0 0 0 0 0 
0.75 0 0 0 0 0 
0.625 0 0 0 0 0 
0.5 0 0 0 0 0 
1 -0.125 0 0 0 0 
0.875 -0.125 0 0 0 0 
0.75 -0.125 0 0 0 0 
0.625 -0.125 0 0 0 0 
1 -0.25 0 0 0 0 
0.875 -0.25 0 0 0 0 
0.75 -0.25 0 0 0 0 
1 -0.375 0 0 0 0 
0.875 -0.375 0 0 0 0 
1 -0.5 0 0 0 0 
1 2 6
2 7 6
2 3 7
3 8 7
3 4 8
4 9 8
4 5 9
6 7 10
7 11 10
7 8 11
8 12 11
8 9 12
10 11 13
11 14 13
11 12 14
13 14 15
ZONE N=15, E=16, F=FEPOINT, ET=TRIANGLE
0.25 -0.5 0 0 0 0 
0.1875 -0.375 0 0 0 0 
0.125 -0.25 0 0 0 0 
0.0625 -0.125 0 0 0 0 
0 0 0 0 0 0 
0.125 -0.484375 0 0 0 0 
0.0625 -0.359375 0 0 0 0 
0 -0.234375 0 0 0 0 
-0.0625 -0.109375 0 0 0 0 
0 -0.46875 0 0 0 0 
-0.0625 -0.34375 0 0 0 0 
-0.125 -0.21875 0 0 0 0 
-0.125 -0.453125 0 0 0 0 
-0.1875 -0.328125 0 0 0 0 
-0.25 -0.4375 0 0 0 0 
1 2 6
2 7 6
2 3 7
3 8 7
3 4 8
4 9 8
4 5 9
6 7 10
7 11 10
7 8 11
8 12 11
8 9 12
10 11 13
11 14 13
11 12 14
13 14 15
ZONE N=15, E=16, F=FEPOINT, ET=TRIANGLE
-0.25 0.5 0 0 0 0 
-0.1875 0.375 0 0 0 0 
-0.125 0.25 0 0 0 0 
-0.0625 0.125 0 0 0 0 
0 0 0 0 0 0 
-0.125 0.484375 0 0 0 0 
-0.0625 0.359375 0 0 0 0 
0 0.234375 0 0 0 0 
0.0625 0.109375 0 0 0 0 
0 0.46875 0 0 0 0 
0.0625 0.34375 0 0 0 0 
0.125 0.21875 0 0 0 0 
0.125 0.453125 0 0 0 0 
0.1875 0.328125 0 0 0 0 
0.25 0.4375 0 0 0 0 
1 2 6
2 7 6
2 3 7
3 8 7
3 4 8
4 9 8
4 5 9
6 7 10
7 11 10
7 8 11
8 12 11
8 9 12
10 11 13
11 14 13
11 12 14
13 14 15
ZONE N=15, E=16, F=FEPOINT, ET=TRIANGLE
1 0.5 0 0 0 0 
0.875 0.375 0 0 0 0 
0.75 0.25 0 0 0 0 
0.625 0.125 0 0 0 0 
0.5 0 0 0 0 0 
1 0.375 0 0 0 0 
0.875 0.25 0 0 0 0 
0.75 0.125 0 0 0 0 
0.625 0 0 0 0 0 
1 0.25 0 0 0 0 
0.875 0.125 0 0 0 0 
0.75 0 0 0 0 0 
1 0.125 0 0 0 0 
0.875 0 0 0 0 0 
1 0 0 0 0 0 
1 2 6
2 7 6
2 3 7
3 8 7
3 4 8
4 9 8
4 5 9
6 7 10
7 11 10
7 8 11
8 12 11
8 9 12
10 11 13
11 14 13
11 12 14
13 14 15
ZONE N=15, E=16, F=FEPOINT, ET=TRIANGLE
0.5 0 0 0 0 0 
0.4375 -0.125 0 0 0 0 
0.375 -0.25 0 0 0 0 
0.3125 -0.375 0 0 0 0 
0.25 -0.5 0 0 0 0 
0.625 -0.125 0 0 0 0 
0.5625 -0.25 0 0 0 0 
0.5 -0.375 0 0 0 0 
0.4375 -0.5 0 0 0 0 
0.75 -0.25 0 0 0 0 
0.6875 -0.375 0 0 0 0 
0.625 -0.5 0 0 0 0 
0.875 -0.375 0 0 0 0 
0.8125 -0.5 0 0 0 0 
1 -0.5 0 0 0 0 
1 2 6
2 7 6
2 3 7
3 8 7
3 4 8
4 9 8
4 5 9
6 7 10
7 11 10
7 8 11
8 12 11
8 9 12
10 11 13
11 14 13
11 12 14
13 14 15
ZONE N=15, E=16, F=FEPOINT, ET=TRIANGLE
0 -1 0 0 0 0 
0.25 -1 0 0 0 0 
0.5 -1 0 0 0 0 
0.75 -1 0 0 0 0 
1 -1 0 0 0 0 
0.0625 -0.875 0 0 0 0 
0.3125 -0.875 0 0 0 0 
0.5625 -0.875 0 0 0 0 
0.8125 -0.875 0 0 0 0 
0.125 -0.75 0 0 0 0 
0.375 -0.75 0 0 0 0 
0.625 -0.75 0 0 0 0 
0.1875 -0.625 0 0 0 0 
0.4375 -0.625 0 0 0 0 
0.25 -0.5 0 0 0 0 
1 2 6
2 7 6
2 3 7
3 8 7
3 4 8
4 9 8
4 5 9
6 7 10
7 11 10
7 8 11
8 12 11
8 9 12
10 11 13
11 14 13
11 12 14
13 14 15
ZONE N=15, E=16, F=FEPOINT, ET=TRIANGLE
-0.5 0 0 0 0 0 
-0.4375 -0.109375 0 0 0 0 
-0.375 -0.21875 0 0 0 0 
-0.3125 -0.328125 0 0 0 0 
-0.25 -0.4375 0 0 0 0 
-0.375 0 0 0 0 0 
-0.3125 -0.109375 0 0 0 0 
-0.25 -0.21875 0 0 0 0 
-0.1875 -0.328125 0 0 0 0 
-0.25 0 0 0 0 0 
-0.1875 -0.109375 0 0 0 0 
-0.125 -0.21875 0 0 0 0 
-0.125 0 0 0 0 0 
-0.0625 -0.109375 0 0 0 0 
0 0 0 0 0 0 
1 2 6
2 7 6
2 3 7
3 8 7
3 4 8
4 9 8
4 5 9
6 7 10
7 11 10
7 8 11
8 12 11
8 9 12
10 11 13
11 14 13
11 12 14
13 14 15
ZONE N=15, E=16, F=FEPOINT, ET=TRIANGLE
-0.5 -1 0 0 0 0 
-0.625 -0.875 0 0 0 0 
-0.75 -0.75 0 0 0 0 
-0.875 -0.625 0 0 0 0 
-1 -0.5 0 0 0 0 
-0.625 -1 0 0 0 0 
-0.75 -0.875 0 0 0 0 
-0.875 -0.75 0 0 0 0 
-1 -0.625 0 0 0 0 
-0.75 -1 0 0 0 0 
-0.875 -0.875 0 0 0 0 
-1 -0.75 0 0 0 0 
-0.875 -1 0 0 0 0 
-1 -0.875 0 0 0 0 
-1 -1 0 0 0 0 
1 2 6
2 7 6
2 3 7
3 8 7
3 4 8
4 9 8
4 5 9
6 7 10
7 11 10
7 8 11
8 12 11
8 9 12
10 11 13
11 14 13
11 12 14
13 14 15
ZONE N=15, E=16, F=FEPOINT, ET=TRIANGLE
0 1 0 0 0 0 
-0.25 1 0 0 0 0 
-0.5 1 0 0 0 0 
-0.75 1 0 0 0 0 
-1 1 0 0 0 0 
-0.0625 0.875 0 0 0 0 
-0.3125 0.875 0 0 0 0 
-0.5625 0.875 0 0 0 0 
-0.8125 0.875 0 0 0 0 
-0.125 0.75 0 0 0 0 
-0.375 0.75 0 0 0 0 
-0.625 0.75 0 0 0 0 
-0.1875 0.625 0 0 0 0 
-0.4375 0.625 0 0 0 0 
-0.25 0.5 0 0 0 0 
1 2 6
2 7 6
2 3 7
3 8 7
3 4 8
4 9 8
4 5 9
6 7 10
7 11 10
7 8 11
8 12 11
8 9 12
10 11 13
11 14 13
11 12 14
13 14 15
ZONE N=15, E=16, F=FEPOINT, ET=TRIANGLE
0.5 0 0 0 0 0 
0.4375 0.109375 0 0 0 0 
0.375 0.21875 0 0 0 0 
0.3125 0.328125 0 0 0 0 
0.25 0.4375 0 0 0 0 
0.375 0 0 0 0 0 
0.3125 0.109375 0 0 0 0 
0.25 0.21875 0 0 0 0 
0.1875 0.328125 0 0 0 0 
0.25 0 0 0 0 0 
0.1875 0.109375 0 0 0 0 
0.125 0.21875 0 0 0 0 
0.125 0 0 0 0 0 
0.0625 0.109375 0 0 0 0 
0 0 0 0 0 0 
1 2 6
2 7 6
2 3 7
3 8 7
3 4 8
4 9 8
4 5 9
6 7 10
7 11 10
7 8 11
8 12 11
8 9 12
10 11 13
11 14 13
11 12 14
13 14 15
ZONE N=15, E=16, F=FEPOINT, ET=TRIANGLE
0.5 1 0 0 0 0 
0.625 0.875 0 0 0 0 
0.75 0.75 0 0 0 0 
0.875 0.625 0 0 0 0 
1 0.5 0 0 0 0 
0.625 1 0 0 0 0 
0.75 0.875 0 0 0 0 
0.875 0.75 0 0 0 0 
1 0.625 0 0 0 0 
0.75 1 0 0 0 0 
0.875 0.875 0 0 0 0 
1 0.75 0 0 0 0 
0.875 1 0 0 0 0 
1 0.875 0 0 0 0 
1 1 0 0 0 0 
1 2 6
2 7 6
2 3 7
3 8 7
3 4 8
4 9 8
4 5 9
6 7 10
7 11 10
7 8 11
8 12 11
8 9 12
10 11 13
11 14 13
11 12 14
13 14 15
ZONE N=15, E=16, F=FEPOINT, ET=TRIANGLE
-0.5 0 0 0 0 0 
-0.625 -0.125 0 0 0 0 
-0.75 -0.25 0 0 0 0 
-0.875 -0.375 0 0 0 0 
-1 -0.5 0 0 0 0 
-0.4375 -0.109375 0 0 0 0 
-0.5625 -0.234375 0 0 0 0 
-0.6875 -0.359375 0 0 0 0 
-0.8125 -0.484375 0 0 0 0 
-0.375 -0.21875 0 0 0 0 
-0.5 -0.34375 0 0 0 0 
-0.625 -0.46875 0 0 0 0 
-0.3125 -0.328125 0 0 0 0 
-0.4375 -0.453125 0 0 0 0 
-0.25 -0.4375 0 0 0 0 
1 2 6
2 7 6
2 3 7
3 8 7
3 4 8
4 9 8
4 5 9
6 7 10
7 11 10
7 8 11
8 12 11
8 9 12
10 11 13
11 14 13
11 12 14
13 14 15
ZONE N=15, E=16, F=FEPOINT, ET=TRIANGLE
-0.5 -1 0 0 0 0 
-0.375 -1 0 0 0 0 
-0.25 -1 0 0 0 0 
-0.125 -1 0 0 0 0 
0 -1 0 0 0 0 
-0.4375 -0.859375 0 0 0 0 
-0.3125 -0.859375 0 0 0 0 
-0.1875 -0.859375 0 0 0 0 
-0.0625 -0.859375 0 0 0 0 
-0.375 -0.71875 0 0 0 0 
-0.25 -0.71875 0 0 0 0 
-0.125 -0.71875 0 0 0 0 
-0.3125 -0.578125 0 0 0 0 
-0.1875 -0.578125 0 0 0 0 
-0.25 -0.4375 0 0 0 0 
1 2 6
2 7 6
2 3 7
3 8 7
3 4 8
4 9 8
4 5 9
6 7 10
7 11 10
7 8 11
8 12 11
8 9 12
10 11 13
11 14 13
11 12 14
13 14 15
ZONE N=15, E=16, F=FEPOINT, ET=TRIANGLE
0.5 0 0 0 0 0 
0.625 0.125 0 0 0 0 
0.75 0.25 0 0 0 0 
0.875 0.375 0 0 0 0 
1 0.5 0 0 0 0 
0.4375 0.109375 0 0 0 0 
0.5625 0.234375 0 0 0 0 
0.6875 0.359375 0 0 0 0 
0.8125 0.484375 0 0 0 0 
0.375 0.21875 0 0 0 0 
0.5 0.34375 0 0 0 0 
0.625 0.46875 0 0 0 0 
0.3125 0.328125 0 0 0 0 
0.4375 0.453125 0 0 0 0 
0.25 0.4375 0 0 0 0 
1 2 6
2 7 6
2 3 7
3 8 7
3 4 8
4 9 8
4 5 9
6 7 10
7 11 10
7 8 11
8 12 11
8 9 12
10 11 13
11 14 13
11 12 14
13 14 15
ZONE N=15, E=16, F=FEPOINT, ET=TRIANGLE
0.5 1 0 0 0 0 
0.375 1 0 0 0 0 
0.25 1 0 0 0 0 
0.125 1 0 0 0 0 
0 1 0 0 0 0 
0.4375 0.859375 0 0 0 0 
0.3125 0.859375 0 0 0 0 
0.1875 0.859375 0 0 0 0 
0.0625 0.859375 0 0 0 0 
0.375 0.71875 0 0 0 0 
0.25 0.71875 0 0 0 0 
0.125 0.71875 0 0 0 0 
0.3125 0.578125 0 0 0 0 
0.1875 0.578125 0 0 0 0 
0.25 0.4375 0 0 0 0 
1 2 6
2 7 6
2 3 7
3 8 7
3 4 8
4 9 8
4 5 9
6 7 10
7 11 10
7 8 11
8 12 11
8 9 12
10 11 13
11 14 13
11 12 14
13 14 15
