ZONE N=15, E=16, F=FEPOINT, ET=TRIANGLE
-0.5 -1 0 0 0 0 
-0.583333 -0.958333 0 0 0 0 
-0.666667 -0.916667 0 0 0 0 
-0.75 -0.875 0 0 0 0 
-0.833333 -0.833333 0 0 0 0 
-0.625 -1 0 0 0 0 
-0.708333 -0.958333 0 0 0 0 
-0.791667 -0.916667 0 0 0 0 
-0.875 -0.875 0 0 0 0 
-0.75 -1 0 0 0 0 
-0.833333 -0.958333 0 0 0 0 
-0.916667 -0.916667 0 0 0 0 
-0.875 -1 0 0 0 0 
-0.958333 -0.958333 0 0 0 0 
-1 -1 0 0 0 0 
1 2 6
2 7 6
2 3 7
3 8 7
3 4 8
4 9 8
4 5 9
6 7 10
7 11 10
7 8 11
8 12 11
8 9 12
10 11 13
11 14 13
11 12 14
13 14 15
ZONE N=15, E=16, F=FEPOINT, ET=TRIANGLE
-0.5 -1 0 0 0 0 
-0.625 -0.875 0 0 0 0 
-0.75 -0.75 0 0 0 0 
-0.875 -0.625 0 0 0 0 
-1 -0.5 0 0 0 0 
-0.583333 -0.958333 0 0 0 0 
-0.708333 -0.833333 0 0 0 0 
-0.833333 -0.708333 0 0 0 0 
-0.958333 -0.583333 0 0 0 0 
-0.666667 -0.916667 0 0 0 0 
-0.791667 -0.791667 0 0 0 0 
-0.916667 -0.666667 0 0 0 0 
-0.75 -0.875 0 0 0 0 
-0.875 -0.75 0 0 0 0 
-0.833333 -0.833333 0 0 0 0 
1 2 6
2 7 6
2 3 7
3 8 7
3 4 8
4 9 8
4 5 9
6 7 10
7 11 10
7 8 11
8 12 11
8 9 12
10 11 13
11 14 13
11 12 14
13 14 15
ZONE N=15, E=16, F=FEPOINT, ET=TRIANGLE
-0.833333 -0.833333 0 0 0 0 
-0.875 -0.75 0 0 0 0 
-0.916667 -0.666667 0 0 0 0 
-0.958333 -0.583333 0 0 0 0 
-1 -0.5 0 0 0 0 
-0.875 -0.875 0 0 0 0 
-0.916667 -0.791667 0 0 0 0 
-0.958333 -0.708333 0 0 0 0 
-1 -0.625 0 0 0 0 
-0.916667 -0.916667 0 0 0 0 
-0.958333 -0.833333 0 0 0 0 
-1 -0.75 0 0 0 0 
-0.958333 -0.958333 0 0 0 0 
-1 -0.875 0 0 0 0 
-1 -1 0 0 0 0 
1 2 6
2 7 6
2 3 7
3 8 7
3 4 8
4 9 8
4 5 9
6 7 10
7 11 10
7 8 11
8 12 11
8 9 12
10 11 13
11 14 13
11 12 14
13 14 15
ZONE N=15, E=16, F=FEPOINT, ET=TRIANGLE
0.5 1 0 0 0 0 
0.583333 0.958333 0 0 0 0 
0.666667 0.916667 0 0 0 0 
0.75 0.875 0 0 0 0 
0.833333 0.833333 0 0 0 0 
0.625 1 0 0 0 0 
0.708333 0.958333 0 0 0 0 
0.791667 0.916667 0 0 0 0 
0.875 0.875 0 0 0 0 
0.75 1 0 0 0 0 
0.833333 0.958333 0 0 0 0 
0.916667 0.916667 0 0 0 0 
0.875 1 0 0 0 0 
0.958333 0.958333 0 0 0 0 
1 1 0 0 0 0 
1 2 6
2 7 6
2 3 7
3 8 7
3 4 8
4 9 8
4 5 9
6 7 10
7 11 10
7 8 11
8 12 11
8 9 12
10 11 13
11 14 13
11 12 14
13 14 15
ZONE N=15, E=16, F=FEPOINT, ET=TRIANGLE
0.5 1 0 0 0 0 
0.625 0.875 0 0 0 0 
0.75 0.75 0 0 0 0 
0.875 0.625 0 0 0 0 
1 0.5 0 0 0 0 
0.583333 0.958333 0 0 0 0 
0.708333 0.833333 0 0 0 0 
0.833333 0.708333 0 0 0 0 
0.958333 0.583333 0 0 0 0 
0.666667 0.916667 0 0 0 0 
0.791667 0.791667 0 0 0 0 
0.916667 0.666667 0 0 0 0 
0.75 0.875 0 0 0 0 
0.875 0.75 0 0 0 0 
0.833333 0.833333 0 0 0 0 
1 2 6
2 7 6
2 3 7
3 8 7
3 4 8
4 9 8
4 5 9
6 7 10
7 11 10
7 8 11
8 12 11
8 9 12
10 11 13
11 14 13
11 12 14
13 14 15
ZONE N=15, E=16, F=FEPOINT, ET=TRIANGLE
0.833333 0.833333 0 0 0 0 
0.875 0.75 0 0 0 0 
0.916667 0.666667 0 0 0 0 
0.958333 0.583333 0 0 0 0 
1 0.5 0 0 0 0 
0.875 0.875 0 0 0 0 
0.916667 0.791667 0 0 0 0 
0.958333 0.708333 0 0 0 0 
1 0.625 0 0 0 0 
0.916667 0.916667 0 0 0 0 
0.958333 0.833333 0 0 0 0 
1 0.75 0 0 0 0 
0.958333 0.958333 0 0 0 0 
1 0.875 0 0 0 0 
1 1 0 0 0 0 
1 2 6
2 7 6
2 3 7
3 8 7
3 4 8
4 9 8
4 5 9
6 7 10
7 11 10
7 8 11
8 12 11
8 9 12
10 11 13
11 14 13
11 12 14
13 14 15
