ZONE N=15, E=16, F=FEPOINT, ET=TRIANGLE
1 -2.498e-16 0 0 0 
0.999048 0.0436194 0 0 0 
0.996195 0.0871557 0 0 0 
0.991445 0.130526 0 0 0 
0.984808 0.173648 0 0 0 
0.959827 -0.0183574 0 0 0 
0.957925 0.0252066 0 0 0 
0.954124 0.0686462 0 0 0 
0.948432 0.111879 0 0 0 
0.919653 -0.0367149 0 0 0 
0.916803 0.00678006 0 0 0 
0.912057 0.0501092 0 0 0 
0.87948 -0.0550723 0 0 0 
0.875681 -0.0116603 0 0 0 
0.839306 -0.0734298 0 0 0 
1 2 6
2 7 6
2 3 7
3 8 7
3 4 8
4 9 8
4 5 9
6 7 10
7 11 10
7 8 11
8 12 11
8 9 12
10 11 13
11 14 13
11 12 14
13 14 15
ZONE N=15, E=16, F=FEPOINT, ET=TRIANGLE
0.5 0.866025 0 0 0 
0.461749 0.887011 0 0 0 
0.422618 0.906308 0 0 0 
0.382683 0.92388 0 0 0 
0.34202 0.939693 0 0 0 
0.428451 0.849 0 0 0 
0.389772 0.869136 0 0 0 
0.350252 0.887564 0 0 0 
0.309966 0.904251 0 0 0 
0.356902 0.831976 0 0 0 
0.317809 0.851254 0 0 0 
0.277912 0.868809 0 0 0 
0.285353 0.814951 0 0 0 
0.245858 0.833367 0 0 0 
0.213804 0.797926 0 0 0 
1 2 6
2 7 6
2 3 7
3 8 7
3 4 8
4 9 8
4 5 9
6 7 10
7 11 10
7 8 11
8 12 11
8 9 12
10 11 13
11 14 13
11 12 14
13 14 15
ZONE N=15, E=16, F=FEPOINT, ET=TRIANGLE
0.5 0.866025 0 0 0 
0.493454 0.818689 0 0 0 
0.486908 0.771353 0 0 0 
0.480362 0.724016 0 0 0 
0.473816 0.67668 0 0 0 
0.5373 0.843391 0 0 0 
0.530231 0.79526 0 0 0 
0.523151 0.747137 0 0 0 
0.516059 0.699021 0 0 0 
0.573576 0.819152 0 0 0 
0.56595 0.770249 0 0 0 
0.558302 0.721362 0 0 0 
0.608761 0.793353 0 0 0 
0.600545 0.743703 0 0 0 
0.642788 0.766044 0 0 0 
1 2 6
2 7 6
2 3 7
3 8 7
3 4 8
4 9 8
4 5 9
6 7 10
7 11 10
7 8 11
8 12 11
8 9 12
10 11 13
11 14 13
11 12 14
13 14 15
ZONE N=15, E=16, F=FEPOINT, ET=TRIANGLE
0.766044 0.642788 0 0 0 
0.743975 0.600735 0 0 0 
0.721906 0.558683 0 0 0 
0.699837 0.51663 0 0 0 
0.677767 0.474578 0 0 0 
0.793353 0.608761 0 0 0 
0.770521 0.566141 0 0 0 
0.74768 0.523531 0 0 0 
0.724832 0.480933 0 0 0 
0.819152 0.573576 0 0 0 
0.795532 0.530421 0 0 0 
0.771896 0.487289 0 0 0 
0.843391 0.5373 0 0 0 
0.818961 0.493644 0 0 0 
0.866025 0.5 0 0 0 
1 2 6
2 7 6
2 3 7
3 8 7
3 4 8
4 9 8
4 5 9
6 7 10
7 11 10
7 8 11
8 12 11
8 9 12
10 11 13
11 14 13
11 12 14
13 14 15
ZONE N=15, E=16, F=FEPOINT, ET=TRIANGLE
0.213804 0.797926 0 0 0 
0.245858 0.833367 0 0 0 
0.277912 0.868809 0 0 0 
0.309966 0.904251 0 0 0 
0.34202 0.939693 0 0 0 
0.203765 0.844646 0 0 0 
0.236065 0.881007 0 0 0 
0.268379 0.917364 0 0 0 
0.300706 0.953717 0 0 0 
0.193726 0.891367 0 0 0 
0.226259 0.92865 0 0 0 
0.258819 0.965926 0 0 0 
0.183687 0.938087 0 0 0 
0.21644 0.976296 0 0 0 
0.173648 0.984808 0 0 0 
1 2 6
2 7 6
2 3 7
3 8 7
3 4 8
4 9 8
4 5 9
6 7 10
7 11 10
7 8 11
8 12 11
8 9 12
10 11 13
11 14 13
11 12 14
13 14 15
ZONE N=15, E=16, F=FEPOINT, ET=TRIANGLE
0.939693 0.34202 0 0 0 
0.92388 0.382683 0 0 0 
0.906308 0.422618 0 0 0 
0.887011 0.461749 0 0 0 
0.866025 0.5 0 0 0 
0.874211 0.37516 0 0 0 
0.857525 0.415446 0 0 0 
0.839096 0.454966 0 0 0 
0.818961 0.493644 0 0 0 
0.80873 0.408299 0 0 0 
0.791175 0.448196 0 0 0 
0.771896 0.487289 0 0 0 
0.743249 0.441438 0 0 0 
0.724832 0.480933 0 0 0 
0.677767 0.474578 0 0 0 
1 2 6
2 7 6
2 3 7
3 8 7
3 4 8
4 9 8
4 5 9
6 7 10
7 11 10
7 8 11
8 12 11
8 9 12
10 11 13
11 14 13
11 12 14
13 14 15
ZONE N=15, E=16, F=FEPOINT, ET=TRIANGLE
0.984808 0.173648 0 0 0 
0.976296 0.21644 0 0 0 
0.965926 0.258819 0 0 0 
0.953717 0.300706 0 0 0 
0.939693 0.34202 0 0 0 
0.938408 0.183773 0 0 0 
0.92897 0.226345 0 0 0 
0.917684 0.268465 0 0 0 
0.904572 0.310052 0 0 0 
0.892008 0.193898 0 0 0 
0.881648 0.236237 0 0 0 
0.86945 0.278084 0 0 0 
0.845608 0.204022 0 0 0 
0.834329 0.246115 0 0 0 
0.799208 0.214147 0 0 0 
1 2 6
2 7 6
2 3 7
3 8 7
3 4 8
4 9 8
4 5 9
6 7 10
7 11 10
7 8 11
8 12 11
8 9 12
10 11 13
11 14 13
11 12 14
13 14 15
ZONE N=15, E=16, F=FEPOINT, ET=TRIANGLE
0.173648 0.984808 0 0 0 
0.130526 0.991445 0 0 0 
0.0871557 0.996195 0 0 0 
0.0436194 0.999048 0 0 0 
5.55112e-17 1 0 0 0 
0.183687 0.938087 0 0 0 
0.140455 0.943779 0 0 0 
0.097015 0.94758 0 0 0 
0.0534509 0.949481 0 0 0 
0.193726 0.891367 0 0 0 
0.150397 0.896112 0 0 0 
0.106902 0.898963 0 0 0 
0.203765 0.844646 0 0 0 
0.160353 0.848444 0 0 0 
0.213804 0.797926 0 0 0 
1 2 6
2 7 6
2 3 7
3 8 7
3 4 8
4 9 8
4 5 9
6 7 10
7 11 10
7 8 11
8 12 11
8 9 12
10 11 13
11 14 13
11 12 14
13 14 15
ZONE N=15, E=16, F=FEPOINT, ET=TRIANGLE
0.766044 0.642788 0 0 0 
0.737277 0.67559 0 0 0 
0.707107 0.707107 0 0 0 
0.67559 0.737277 0 0 0 
0.642788 0.766044 0 0 0 
0.743975 0.600735 0 0 0 
0.714516 0.632885 0 0 0 
0.683682 0.663719 0 0 0 
0.651533 0.693178 0 0 0 
0.721906 0.558683 0 0 0 
0.691764 0.59017 0 0 0 
0.660278 0.620311 0 0 0 
0.699837 0.51663 0 0 0 
0.669022 0.547445 0 0 0 
0.677767 0.474578 0 0 0 
1 2 6
2 7 6
2 3 7
3 8 7
3 4 8
4 9 8
4 5 9
6 7 10
7 11 10
7 8 11
8 12 11
8 9 12
10 11 13
11 14 13
11 12 14
13 14 15
ZONE N=15, E=16, F=FEPOINT, ET=TRIANGLE
-0.984808 0.173648 0 0 0 
-0.991445 0.130526 0 0 0 
-0.996195 0.0871557 0 0 0 
-0.999048 0.0436194 0 0 0 
-1 1.249e-16 0 0 0 
-0.926183 0.113825 0 0 0 
-0.931875 0.0705928 0 0 0 
-0.935676 0.0271532 0 0 0 
-0.937577 -0.0164109 0 0 0 
-0.867559 0.0540023 0 0 0 
-0.872304 0.0106731 0 0 0 
-0.875155 -0.0328218 0 0 0 
-0.808934 -0.00582066 0 0 0 
-0.812732 -0.0492327 0 0 0 
-0.75031 -0.0656436 0 0 0 
1 2 6
2 7 6
2 3 7
3 8 7
3 4 8
4 9 8
4 5 9
6 7 10
7 11 10
7 8 11
8 12 11
8 9 12
10 11 13
11 14 13
11 12 14
13 14 15
ZONE N=15, E=16, F=FEPOINT, ET=TRIANGLE
-0.616663 0.431792 0 0 0 
-0.679003 0.448844 0 0 0 
-0.741344 0.465896 0 0 0 
-0.803685 0.482948 0 0 0 
-0.866025 0.5 0 0 0 
-0.69742 0.409349 0 0 0 
-0.760623 0.426803 0 0 0 
-0.82382 0.44427 0 0 0 
-0.887011 0.461749 0 0 0 
-0.778178 0.386906 0 0 0 
-0.842248 0.40475 0 0 0 
-0.906308 0.422618 0 0 0 
-0.858935 0.364463 0 0 0 
-0.92388 0.382683 0 0 0 
-0.939693 0.34202 0 0 0 
1 2 6
2 7 6
2 3 7
3 8 7
3 4 8
4 9 8
4 5 9
6 7 10
7 11 10
7 8 11
8 12 11
8 9 12
10 11 13
11 14 13
11 12 14
13 14 15
ZONE N=15, E=16, F=FEPOINT, ET=TRIANGLE
-0.939693 0.34202 0 0 0 
-0.953717 0.300706 0 0 0 
-0.965926 0.258819 0 0 0 
-0.976296 0.21644 0 0 0 
-0.984808 0.173648 0 0 0 
-0.881211 0.303793 0 0 0 
-0.894324 0.262205 0 0 0 
-0.90561 0.220086 0 0 0 
-0.915048 0.177514 0 0 0 
-0.82273 0.265565 0 0 0 
-0.834927 0.223718 0 0 0 
-0.845288 0.181379 0 0 0 
-0.764249 0.227337 0 0 0 
-0.775527 0.185244 0 0 0 
-0.705767 0.18911 0 0 0 
1 2 6
2 7 6
2 3 7
3 8 7
3 4 8
4 9 8
4 5 9
6 7 10
7 11 10
7 8 11
8 12 11
8 9 12
10 11 13
11 14 13
11 12 14
13 14 15
ZONE N=15, E=16, F=FEPOINT, ET=TRIANGLE
-0.766044 0.642788 0 0 0 
-0.793353 0.608761 0 0 0 
-0.819152 0.573576 0 0 0 
-0.843391 0.5373 0 0 0 
-0.866025 0.5 0 0 0 
-0.728699 0.590039 0 0 0 
-0.755245 0.555444 0 0 0 
-0.780256 0.519725 0 0 0 
-0.803685 0.482948 0 0 0 
-0.691353 0.53729 0 0 0 
-0.717128 0.502138 0 0 0 
-0.741344 0.465896 0 0 0 
-0.654008 0.484541 0 0 0 
-0.679003 0.448844 0 0 0 
-0.616663 0.431792 0 0 0 
1 2 6
2 7 6
2 3 7
3 8 7
3 4 8
4 9 8
4 5 9
6 7 10
7 11 10
7 8 11
8 12 11
8 9 12
10 11 13
11 14 13
11 12 14
13 14 15
ZONE N=15, E=16, F=FEPOINT, ET=TRIANGLE
-0.5 0.866025 0 0 0 
-0.5373 0.843391 0 0 0 
-0.573576 0.819152 0 0 0 
-0.608761 0.793353 0 0 0 
-0.642788 0.766044 0 0 0 
-0.493454 0.818689 0 0 0 
-0.530231 0.79526 0 0 0 
-0.56595 0.770249 0 0 0 
-0.600545 0.743703 0 0 0 
-0.486908 0.771353 0 0 0 
-0.523151 0.747137 0 0 0 
-0.558302 0.721362 0 0 0 
-0.480362 0.724016 0 0 0 
-0.516059 0.699021 0 0 0 
-0.473816 0.67668 0 0 0 
1 2 6
2 7 6
2 3 7
3 8 7
3 4 8
4 9 8
4 5 9
6 7 10
7 11 10
7 8 11
8 12 11
8 9 12
10 11 13
11 14 13
11 12 14
13 14 15
ZONE N=15, E=16, F=FEPOINT, ET=TRIANGLE
-0.34202 0.939693 0 0 0 
-0.382683 0.92388 0 0 0 
-0.422618 0.906308 0 0 0 
-0.461749 0.887011 0 0 0 
-0.5 0.866025 0 0 0 
-0.374969 0.873939 0 0 0 
-0.415256 0.857253 0 0 0 
-0.454776 0.838824 0 0 0 
-0.493454 0.818689 0 0 0 
-0.407918 0.808186 0 0 0 
-0.447815 0.790631 0 0 0 
-0.486908 0.771353 0 0 0 
-0.440867 0.742433 0 0 0 
-0.480362 0.724016 0 0 0 
-0.473816 0.67668 0 0 0 
1 2 6
2 7 6
2 3 7
3 8 7
3 4 8
4 9 8
4 5 9
6 7 10
7 11 10
7 8 11
8 12 11
8 9 12
10 11 13
11 14 13
11 12 14
13 14 15
ZONE N=15, E=16, F=FEPOINT, ET=TRIANGLE
-0.173648 0.984808 0 0 0 
-0.146643 0.926138 0 0 0 
-0.119638 0.867468 0 0 0 
-0.0926329 0.808799 0 0 0 
-0.0656278 0.750129 0 0 0 
-0.130526 0.991445 0 0 0 
-0.103411 0.93183 0 0 0 
-0.0763088 0.872214 0 0 0 
-0.0492208 0.812597 0 0 0 
-0.0871557 0.996195 0 0 0 
-0.059971 0.935631 0 0 0 
-0.0328139 0.875065 0 0 0 
-0.0436194 0.999048 0 0 0 
-0.0164069 0.937532 0 0 0 
5.55112e-17 1 0 0 0 
1 2 6
2 7 6
2 3 7
3 8 7
3 4 8
4 9 8
4 5 9
6 7 10
7 11 10
7 8 11
8 12 11
8 9 12
10 11 13
11 14 13
11 12 14
13 14 15
ZONE N=15, E=16, F=FEPOINT, ET=TRIANGLE
-0.173648 0.984808 0 0 0 
-0.21644 0.976296 0 0 0 
-0.258819 0.965926 0 0 0 
-0.300706 0.953717 0 0 0 
-0.34202 0.939693 0 0 0 
-0.146643 0.926138 0 0 0 
-0.189215 0.916701 0 0 0 
-0.231335 0.905415 0 0 0 
-0.272922 0.892302 0 0 0 
-0.119638 0.867468 0 0 0 
-0.161977 0.857108 0 0 0 
-0.203824 0.844911 0 0 0 
-0.0926329 0.808799 0 0 0 
-0.134726 0.79752 0 0 0 
-0.0656278 0.750129 0 0 0 
1 2 6
2 7 6
2 3 7
3 8 7
3 4 8
4 9 8
4 5 9
6 7 10
7 11 10
7 8 11
8 12 11
8 9 12
10 11 13
11 14 13
11 12 14
13 14 15
ZONE N=15, E=16, F=FEPOINT, ET=TRIANGLE
-0.642788 0.766044 0 0 0 
-0.67559 0.737277 0 0 0 
-0.707107 0.707107 0 0 0 
-0.737277 0.67559 0 0 0 
-0.766044 0.642788 0 0 0 
-0.600545 0.743703 0 0 0 
-0.632694 0.714244 0 0 0 
-0.663528 0.68341 0 0 0 
-0.692987 0.651261 0 0 0 
-0.558302 0.721362 0 0 0 
-0.589789 0.69122 0 0 0 
-0.61993 0.659734 0 0 0 
-0.516059 0.699021 0 0 0 
-0.546873 0.668207 0 0 0 
-0.473816 0.67668 0 0 0 
1 2 6
2 7 6
2 3 7
3 8 7
3 4 8
4 9 8
4 5 9
6 7 10
7 11 10
7 8 11
8 12 11
8 9 12
10 11 13
11 14 13
11 12 14
13 14 15
ZONE N=15, E=16, F=FEPOINT, ET=TRIANGLE
-0.866025 -0.5 0 0 0 
-0.818961 -0.493644 0 0 0 
-0.771896 -0.487289 0 0 0 
-0.724832 -0.480933 0 0 0 
-0.677767 -0.474578 0 0 0 
-0.887011 -0.461749 0 0 0 
-0.839096 -0.454966 0 0 0 
-0.791175 -0.448196 0 0 0 
-0.743249 -0.441438 0 0 0 
-0.906308 -0.422618 0 0 0 
-0.857525 -0.415446 0 0 0 
-0.80873 -0.408299 0 0 0 
-0.92388 -0.382683 0 0 0 
-0.874211 -0.37516 0 0 0 
-0.939693 -0.34202 0 0 0 
1 2 6
2 7 6
2 3 7
3 8 7
3 4 8
4 9 8
4 5 9
6 7 10
7 11 10
7 8 11
8 12 11
8 9 12
10 11 13
11 14 13
11 12 14
13 14 15
ZONE N=15, E=16, F=FEPOINT, ET=TRIANGLE
-0.34202 -0.939693 0 0 0 
-0.36449 -0.858974 0 0 0 
-0.38696 -0.778255 0 0 0 
-0.40943 -0.697536 0 0 0 
-0.4319 -0.616817 0 0 0 
-0.382683 -0.92388 0 0 0 
-0.404777 -0.842287 0 0 0 
-0.426857 -0.7607 0 0 0 
-0.448925 -0.679119 0 0 0 
-0.422618 -0.906308 0 0 0 
-0.444297 -0.823859 0 0 0 
-0.46595 -0.741421 0 0 0 
-0.461749 -0.887011 0 0 0 
-0.482975 -0.803723 0 0 0 
-0.5 -0.866025 0 0 0 
1 2 6
2 7 6
2 3 7
3 8 7
3 4 8
4 9 8
4 5 9
6 7 10
7 11 10
7 8 11
8 12 11
8 9 12
10 11 13
11 14 13
11 12 14
13 14 15
ZONE N=15, E=16, F=FEPOINT, ET=TRIANGLE
-0.866025 -0.5 0 0 0 
-0.843391 -0.5373 0 0 0 
-0.819152 -0.573576 0 0 0 
-0.793353 -0.608761 0 0 0 
-0.766044 -0.642788 0 0 0 
-0.818961 -0.493644 0 0 0 
-0.795532 -0.530421 0 0 0 
-0.770521 -0.566141 0 0 0 
-0.743975 -0.600735 0 0 0 
-0.771896 -0.487289 0 0 0 
-0.74768 -0.523531 0 0 0 
-0.721906 -0.558683 0 0 0 
-0.724832 -0.480933 0 0 0 
-0.699837 -0.51663 0 0 0 
-0.677767 -0.474578 0 0 0 
1 2 6
2 7 6
2 3 7
3 8 7
3 4 8
4 9 8
4 5 9
6 7 10
7 11 10
7 8 11
8 12 11
8 9 12
10 11 13
11 14 13
11 12 14
13 14 15
ZONE N=15, E=16, F=FEPOINT, ET=TRIANGLE
-1.80411e-16 -1 0 0 0 
-0.0179993 -0.955733 0 0 0 
-0.0359985 -0.911465 0 0 0 
-0.0539978 -0.867198 0 0 0 
-0.071997 -0.82293 0 0 0 
-0.0436194 -0.999048 0 0 0 
-0.0615633 -0.953831 0 0 0 
-0.0794935 -0.908615 0 0 0 
-0.0974098 -0.863399 0 0 0 
-0.0871557 -0.996195 0 0 0 
-0.105003 -0.95003 0 0 0 
-0.122823 -0.903869 0 0 0 
-0.130526 -0.991445 0 0 0 
-0.148235 -0.944338 0 0 0 
-0.173648 -0.984808 0 0 0 
1 2 6
2 7 6
2 3 7
3 8 7
3 4 8
4 9 8
4 5 9
6 7 10
7 11 10
7 8 11
8 12 11
8 9 12
10 11 13
11 14 13
11 12 14
13 14 15
ZONE N=15, E=16, F=FEPOINT, ET=TRIANGLE
-0.34202 -0.939693 0 0 0 
-0.300706 -0.953717 0 0 0 
-0.258819 -0.965926 0 0 0 
-0.21644 -0.976296 0 0 0 
-0.173648 -0.984808 0 0 0 
-0.274514 -0.910502 0 0 0 
-0.232927 -0.923615 0 0 0 
-0.190807 -0.934901 0 0 0 
-0.148235 -0.944338 0 0 0 
-0.207009 -0.881311 0 0 0 
-0.165162 -0.893509 0 0 0 
-0.122823 -0.903869 0 0 0 
-0.139503 -0.852121 0 0 0 
-0.0974098 -0.863399 0 0 0 
-0.071997 -0.82293 0 0 0 
1 2 6
2 7 6
2 3 7
3 8 7
3 4 8
4 9 8
4 5 9
6 7 10
7 11 10
7 8 11
8 12 11
8 9 12
10 11 13
11 14 13
11 12 14
13 14 15
ZONE N=15, E=16, F=FEPOINT, ET=TRIANGLE
-0.984808 -0.173648 0 0 0 
-0.926183 -0.146647 0 0 0 
-0.867559 -0.119646 0 0 0 
-0.808934 -0.0926448 0 0 0 
-0.75031 -0.0656436 0 0 0 
-0.991445 -0.130526 0 0 0 
-0.931875 -0.103415 0 0 0 
-0.872304 -0.0763167 0 0 0 
-0.812732 -0.0492327 0 0 0 
-0.996195 -0.0871557 0 0 0 
-0.935676 -0.059975 0 0 0 
-0.875155 -0.0328218 0 0 0 
-0.999048 -0.0436194 0 0 0 
-0.937577 -0.0164109 0 0 0 
-1 1.249e-16 0 0 0 
1 2 6
2 7 6
2 3 7
3 8 7
3 4 8
4 9 8
4 5 9
6 7 10
7 11 10
7 8 11
8 12 11
8 9 12
10 11 13
11 14 13
11 12 14
13 14 15
ZONE N=15, E=16, F=FEPOINT, ET=TRIANGLE
-0.939693 -0.34202 0 0 0 
-0.892347 -0.272926 0 0 0 
-0.845001 -0.203832 0 0 0 
-0.797656 -0.134738 0 0 0 
-0.75031 -0.0656436 0 0 0 
-0.953717 -0.300706 0 0 0 
-0.90546 -0.231339 0 0 0 
-0.857199 -0.161985 0 0 0 
-0.808934 -0.0926448 0 0 0 
-0.965926 -0.258819 0 0 0 
-0.916746 -0.189219 0 0 0 
-0.867559 -0.119646 0 0 0 
-0.976296 -0.21644 0 0 0 
-0.926183 -0.146647 0 0 0 
-0.984808 -0.173648 0 0 0 
1 2 6
2 7 6
2 3 7
3 8 7
3 4 8
4 9 8
4 5 9
6 7 10
7 11 10
7 8 11
8 12 11
8 9 12
10 11 13
11 14 13
11 12 14
13 14 15
ZONE N=15, E=16, F=FEPOINT, ET=TRIANGLE
-0.5 -0.866025 0 0 0 
-0.482975 -0.803723 0 0 0 
-0.46595 -0.741421 0 0 0 
-0.448925 -0.679119 0 0 0 
-0.4319 -0.616817 0 0 0 
-0.5373 -0.843391 0 0 0 
-0.519752 -0.780294 0 0 0 
-0.502192 -0.717205 0 0 0 
-0.484622 -0.654124 0 0 0 
-0.573576 -0.819152 0 0 0 
-0.555471 -0.755283 0 0 0 
-0.537344 -0.691431 0 0 0 
-0.608761 -0.793353 0 0 0 
-0.590066 -0.728738 0 0 0 
-0.642788 -0.766044 0 0 0 
1 2 6
2 7 6
2 3 7
3 8 7
3 4 8
4 9 8
4 5 9
6 7 10
7 11 10
7 8 11
8 12 11
8 9 12
10 11 13
11 14 13
11 12 14
13 14 15
ZONE N=15, E=16, F=FEPOINT, ET=TRIANGLE
-0.677767 -0.474578 0 0 0 
-0.699837 -0.51663 0 0 0 
-0.721906 -0.558683 0 0 0 
-0.743975 -0.600735 0 0 0 
-0.766044 -0.642788 0 0 0 
-0.669022 -0.547445 0 0 0 
-0.691764 -0.59017 0 0 0 
-0.714516 -0.632885 0 0 0 
-0.737277 -0.67559 0 0 0 
-0.660278 -0.620311 0 0 0 
-0.683682 -0.663719 0 0 0 
-0.707107 -0.707107 0 0 0 
-0.651533 -0.693178 0 0 0 
-0.67559 -0.737277 0 0 0 
-0.642788 -0.766044 0 0 0 
1 2 6
2 7 6
2 3 7
3 8 7
3 4 8
4 9 8
4 5 9
6 7 10
7 11 10
7 8 11
8 12 11
8 9 12
10 11 13
11 14 13
11 12 14
13 14 15
ZONE N=15, E=16, F=FEPOINT, ET=TRIANGLE
0.766044 -0.642788 0 0 0 
0.793353 -0.608761 0 0 0 
0.819152 -0.573576 0 0 0 
0.843391 -0.5373 0 0 0 
0.866025 -0.5 0 0 0 
0.765427 -0.571106 0 0 0 
0.791973 -0.536512 0 0 0 
0.816984 -0.500792 0 0 0 
0.840413 -0.464015 0 0 0 
0.76481 -0.499424 0 0 0 
0.790584 -0.464273 0 0 0 
0.8148 -0.42803 0 0 0 
0.764193 -0.427743 0 0 0 
0.789188 -0.392046 0 0 0 
0.763575 -0.356061 0 0 0 
1 2 6
2 7 6
2 3 7
3 8 7
3 4 8
4 9 8
4 5 9
6 7 10
7 11 10
7 8 11
8 12 11
8 9 12
10 11 13
11 14 13
11 12 14
13 14 15
ZONE N=15, E=16, F=FEPOINT, ET=TRIANGLE
0.939693 -0.34202 0 0 0 
0.895663 -0.34553 0 0 0 
0.851634 -0.349041 0 0 0 
0.807605 -0.352551 0 0 0 
0.763575 -0.356061 0 0 0 
0.92388 -0.382683 0 0 0 
0.878977 -0.385817 0 0 0 
0.834079 -0.388938 0 0 0 
0.789188 -0.392046 0 0 0 
0.906308 -0.422618 0 0 0 
0.860548 -0.425337 0 0 0 
0.8148 -0.42803 0 0 0 
0.887011 -0.461749 0 0 0 
0.840413 -0.464015 0 0 0 
0.866025 -0.5 0 0 0 
1 2 6
2 7 6
2 3 7
3 8 7
3 4 8
4 9 8
4 5 9
6 7 10
7 11 10
7 8 11
8 12 11
8 9 12
10 11 13
11 14 13
11 12 14
13 14 15
ZONE N=15, E=16, F=FEPOINT, ET=TRIANGLE
0.5 -0.866025 0 0 0 
0.5373 -0.843391 0 0 0 
0.573576 -0.819152 0 0 0 
0.608761 -0.793353 0 0 0 
0.642788 -0.766044 0 0 0 
0.521031 -0.79555 0 0 0 
0.557807 -0.772121 0 0 0 
0.593527 -0.74711 0 0 0 
0.628121 -0.720564 0 0 0 
0.542061 -0.725074 0 0 0 
0.578304 -0.700858 0 0 0 
0.613455 -0.675083 0 0 0 
0.563092 -0.654598 0 0 0 
0.598789 -0.629603 0 0 0 
0.584122 -0.584122 0 0 0 
1 2 6
2 7 6
2 3 7
3 8 7
3 4 8
4 9 8
4 5 9
6 7 10
7 11 10
7 8 11
8 12 11
8 9 12
10 11 13
11 14 13
11 12 14
13 14 15
ZONE N=15, E=16, F=FEPOINT, ET=TRIANGLE
0.34202 -0.939693 0 0 0 
0.305237 -0.886604 0 0 0 
0.268455 -0.833515 0 0 0 
0.231672 -0.780426 0 0 0 
0.194889 -0.727337 0 0 0 
0.300706 -0.953717 0 0 0 
0.26365 -0.899717 0 0 0 
0.226608 -0.845712 0 0 0 
0.189579 -0.791705 0 0 0 
0.258819 -0.965926 0 0 0 
0.22153 -0.911003 0 0 0 
0.184269 -0.856072 0 0 0 
0.21644 -0.976296 0 0 0 
0.178958 -0.92044 0 0 0 
0.173648 -0.984808 0 0 0 
1 2 6
2 7 6
2 3 7
3 8 7
3 4 8
4 9 8
4 5 9
6 7 10
7 11 10
7 8 11
8 12 11
8 9 12
10 11 13
11 14 13
11 12 14
13 14 15
ZONE N=15, E=16, F=FEPOINT, ET=TRIANGLE
0.584122 -0.584122 0 0 0 
0.598789 -0.629603 0 0 0 
0.613455 -0.675083 0 0 0 
0.628121 -0.720564 0 0 0 
0.642788 -0.766044 0 0 0 
0.629603 -0.598789 0 0 0 
0.644942 -0.644942 0 0 0 
0.660271 -0.691105 0 0 0 
0.67559 -0.737277 0 0 0 
0.675083 -0.613455 0 0 0 
0.691105 -0.660271 0 0 0 
0.707107 -0.707107 0 0 0 
0.720564 -0.628121 0 0 0 
0.737277 -0.67559 0 0 0 
0.766044 -0.642788 0 0 0 
1 2 6
2 7 6
2 3 7
3 8 7
3 4 8
4 9 8
4 5 9
6 7 10
7 11 10
7 8 11
8 12 11
8 9 12
10 11 13
11 14 13
11 12 14
13 14 15
ZONE N=15, E=16, F=FEPOINT, ET=TRIANGLE
0.34202 -0.939693 0 0 0 
0.382683 -0.92388 0 0 0 
0.422618 -0.906308 0 0 0 
0.461749 -0.887011 0 0 0 
0.5 -0.866025 0 0 0 
0.305237 -0.886604 0 0 0 
0.345524 -0.869917 0 0 0 
0.385044 -0.851488 0 0 0 
0.423722 -0.831353 0 0 0 
0.268455 -0.833515 0 0 0 
0.308352 -0.81596 0 0 0 
0.347445 -0.796681 0 0 0 
0.231672 -0.780426 0 0 0 
0.271167 -0.762009 0 0 0 
0.194889 -0.727337 0 0 0 
1 2 6
2 7 6
2 3 7
3 8 7
3 4 8
4 9 8
4 5 9
6 7 10
7 11 10
7 8 11
8 12 11
8 9 12
10 11 13
11 14 13
11 12 14
13 14 15
ZONE N=15, E=16, F=FEPOINT, ET=TRIANGLE
1 -2.498e-16 0 0 0 
0.959827 -0.0183574 0 0 0 
0.919653 -0.0367149 0 0 0 
0.87948 -0.0550723 0 0 0 
0.839306 -0.0734298 0 0 0 
0.999048 -0.0436194 0 0 0 
0.957925 -0.0619215 0 0 0 
0.916803 -0.0802098 0 0 0 
0.875681 -0.0984844 0 0 0 
0.996195 -0.0871557 0 0 0 
0.954124 -0.105361 0 0 0 
0.912057 -0.123539 0 0 0 
0.991445 -0.130526 0 0 0 
0.948432 -0.148594 0 0 0 
0.984808 -0.173648 0 0 0 
1 2 6
2 7 6
2 3 7
3 8 7
3 4 8
4 9 8
4 5 9
6 7 10
7 11 10
7 8 11
8 12 11
8 9 12
10 11 13
11 14 13
11 12 14
13 14 15
ZONE N=15, E=16, F=FEPOINT, ET=TRIANGLE
0.939693 -0.34202 0 0 0 
0.953717 -0.300706 0 0 0 
0.965926 -0.258819 0 0 0 
0.976296 -0.21644 0 0 0 
0.984808 -0.173648 0 0 0 
0.881211 -0.303793 0 0 0 
0.894324 -0.262205 0 0 0 
0.90561 -0.220086 0 0 0 
0.915048 -0.177514 0 0 0 
0.82273 -0.265565 0 0 0 
0.834927 -0.223718 0 0 0 
0.845288 -0.181379 0 0 0 
0.764249 -0.227337 0 0 0 
0.775527 -0.185244 0 0 0 
0.705767 -0.18911 0 0 0 
1 2 6
2 7 6
2 3 7
3 8 7
3 4 8
4 9 8
4 5 9
6 7 10
7 11 10
7 8 11
8 12 11
8 9 12
10 11 13
11 14 13
11 12 14
13 14 15
ZONE N=15, E=16, F=FEPOINT, ET=TRIANGLE
-0.071997 -0.82293 0 0 0 
-0.0539978 -0.867198 0 0 0 
-0.0359985 -0.911465 0 0 0 
-0.0179993 -0.955733 0 0 0 
-1.80411e-16 -1 0 0 0 
-0.0105857 -0.863399 0 0 0 
0.00749642 -0.908615 0 0 0 
0.0255648 -0.953831 0 0 0 
0.0436194 -0.999048 0 0 0 
0.0508256 -0.903869 0 0 0 
0.0690044 -0.95003 0 0 0 
0.0871557 -0.996195 0 0 0 
0.112237 -0.944338 0 0 0 
0.130526 -0.991445 0 0 0 
0.173648 -0.984808 0 0 0 
1 2 6
2 7 6
2 3 7
3 8 7
3 4 8
4 9 8
4 5 9
6 7 10
7 11 10
7 8 11
8 12 11
8 9 12
10 11 13
11 14 13
11 12 14
13 14 15
ZONE N=15, E=16, F=FEPOINT, ET=TRIANGLE
3.33067e-16 0 0 0 0 
0.0439668 -0.0562425 0 0 0 
0.0879336 -0.112485 0 0 0 
0.1319 -0.168727 0 0 0 
0.175867 -0.22497 0 0 0 
0.125 0 0 0 0 
0.168967 -0.0562425 0 0 0 
0.212934 -0.112485 0 0 0 
0.2569 -0.168727 0 0 0 
0.25 0 0 0 0 
0.293967 -0.0562425 0 0 0 
0.337934 -0.112485 0 0 0 
0.375 0 0 0 0 
0.418967 -0.0562425 0 0 0 
0.5 0 0 0 0 
1 2 6
2 7 6
2 3 7
3 8 7
3 4 8
4 9 8
4 5 9
6 7 10
7 11 10
7 8 11
8 12 11
8 9 12
10 11 13
11 14 13
11 12 14
13 14 15
ZONE N=15, E=16, F=FEPOINT, ET=TRIANGLE
-0.5 0 0 0 0 
-0.477147 -0.0531197 0 0 0 
-0.454295 -0.106239 0 0 0 
-0.431442 -0.159359 0 0 0 
-0.40859 -0.212479 0 0 0 
-0.4375 0 0 0 0 
-0.414647 -0.0531197 0 0 0 
-0.391795 -0.106239 0 0 0 
-0.368942 -0.159359 0 0 0 
-0.375 0 0 0 0 
-0.352147 -0.0531197 0 0 0 
-0.329295 -0.106239 0 0 0 
-0.3125 1.38778e-17 0 0 0 
-0.289647 -0.0531197 0 0 0 
-0.25 0 0 0 0 
1 2 6
2 7 6
2 3 7
3 8 7
3 4 8
4 9 8
4 5 9
6 7 10
7 11 10
7 8 11
8 12 11
8 9 12
10 11 13
11 14 13
11 12 14
13 14 15
ZONE N=15, E=16, F=FEPOINT, ET=TRIANGLE
-0.459251 0.242666 0 0 0 
-0.469439 0.181999 0 0 0 
-0.479626 0.121333 0 0 0 
-0.489813 0.0606664 0 0 0 
-0.5 0 0 0 0 
-0.406939 0.181999 0 0 0 
-0.417126 0.121333 0 0 0 
-0.427313 0.0606664 0 0 0 
-0.4375 -1.38778e-17 0 0 0 
-0.354626 0.121333 0 0 0 
-0.364813 0.0606664 0 0 0 
-0.375 0 0 0 0 
-0.302313 0.0606664 0 0 0 
-0.3125 0 0 0 0 
-0.25 0 0 0 0 
1 2 6
2 7 6
2 3 7
3 8 7
3 4 8
4 9 8
4 5 9
6 7 10
7 11 10
7 8 11
8 12 11
8 9 12
10 11 13
11 14 13
11 12 14
13 14 15
ZONE N=15, E=16, F=FEPOINT, ET=TRIANGLE
3.33067e-16 0 0 0 0 
0.125 0 0 0 0 
0.25 0 0 0 0 
0.375 0 0 0 0 
0.5 0 0 0 0 
0.04159 0.0907768 0 0 0 
0.16659 0.0907768 0 0 0 
0.29159 0.0907768 0 0 0 
0.41659 0.0907768 0 0 0 
0.08318 0.181554 0 0 0 
0.20818 0.181554 0 0 0 
0.33318 0.181554 0 0 0 
0.12477 0.27233 0 0 0 
0.24977 0.27233 0 0 0 
0.16636 0.363107 0 0 0 
1 2 6
2 7 6
2 3 7
3 8 7
3 4 8
4 9 8
4 5 9
6 7 10
7 11 10
7 8 11
8 12 11
8 9 12
10 11 13
11 14 13
11 12 14
13 14 15
ZONE N=15, E=16, F=FEPOINT, ET=TRIANGLE
3.33067e-16 0 0 0 0 
-0.03125 0.0634154 0 0 0 
-0.0625 0.126831 0 0 0 
-0.09375 0.190246 0 0 0 
-0.125 0.253662 0 0 0 
-0.0625 0 0 0 0 
-0.09375 0.0634154 0 0 0 
-0.125 0.126831 0 0 0 
-0.15625 0.190246 0 0 0 
-0.125 0 0 0 0 
-0.15625 0.0634154 0 0 0 
-0.1875 0.126831 0 0 0 
-0.1875 1.38778e-17 0 0 0 
-0.21875 0.0634154 0 0 0 
-0.25 0 0 0 0 
1 2 6
2 7 6
2 3 7
3 8 7
3 4 8
4 9 8
4 5 9
6 7 10
7 11 10
7 8 11
8 12 11
8 9 12
10 11 13
11 14 13
11 12 14
13 14 15
ZONE N=15, E=16, F=FEPOINT, ET=TRIANGLE
3.33067e-16 0 0 0 0 
-0.0625 2.77556e-17 0 0 0 
-0.125 0 0 0 0 
-0.1875 0 0 0 0 
-0.25 0 0 0 0 
-0.00944093 -0.103612 0 0 0 
-0.0719409 -0.103612 0 0 0 
-0.134441 -0.103612 0 0 0 
-0.196941 -0.103612 0 0 0 
-0.0188819 -0.207225 0 0 0 
-0.0813819 -0.207225 0 0 0 
-0.143882 -0.207225 0 0 0 
-0.0283228 -0.310837 0 0 0 
-0.0908228 -0.310837 0 0 0 
-0.0377637 -0.41445 0 0 0 
1 2 6
2 7 6
2 3 7
3 8 7
3 4 8
4 9 8
4 5 9
6 7 10
7 11 10
7 8 11
8 12 11
8 9 12
10 11 13
11 14 13
11 12 14
13 14 15
