ZONE N=15, E=16, F=FEPOINT, ET=TRIANGLE
-0.866025 -0.5 0 0 0 
-0.818961 -0.493644 0 0 0 
-0.771896 -0.487289 0 0 0 
-0.724832 -0.480933 0 0 0 
-0.677767 -0.474578 0 0 0 
-0.887011 -0.461749 0 0 0 
-0.839096 -0.454966 0 0 0 
-0.791175 -0.448196 0 0 0 
-0.743249 -0.441438 0 0 0 
-0.906308 -0.422618 0 0 0 
-0.857525 -0.415446 0 0 0 
-0.80873 -0.408299 0 0 0 
-0.92388 -0.382683 0 0 0 
-0.874211 -0.37516 0 0 0 
-0.939693 -0.34202 0 0 0 
1 2 6
2 7 6
2 3 7
3 8 7
3 4 8
4 9 8
4 5 9
6 7 10
7 11 10
7 8 11
8 12 11
8 9 12
10 11 13
11 14 13
11 12 14
13 14 15
ZONE N=15, E=16, F=FEPOINT, ET=TRIANGLE
-0.75031 -0.0656436 0 0 0 
-0.797656 -0.134738 0 0 0 
-0.845001 -0.203832 0 0 0 
-0.892347 -0.272926 0 0 0 
-0.939693 -0.34202 0 0 0 
-0.719196 -0.122193 0 0 0 
-0.766542 -0.191287 0 0 0 
-0.813888 -0.260381 0 0 0 
-0.861233 -0.329475 0 0 0 
-0.688083 -0.178743 0 0 0 
-0.735429 -0.247837 0 0 0 
-0.782774 -0.316931 0 0 0 
-0.65697 -0.235292 0 0 0 
-0.704315 -0.304386 0 0 0 
-0.625856 -0.291842 0 0 0 
1 2 6
2 7 6
2 3 7
3 8 7
3 4 8
4 9 8
4 5 9
6 7 10
7 11 10
7 8 11
8 12 11
8 9 12
10 11 13
11 14 13
11 12 14
13 14 15
ZONE N=15, E=16, F=FEPOINT, ET=TRIANGLE
1 -2.498e-16 0 0 0 
0.999048 0.0436194 0 0 0 
0.996195 0.0871557 0 0 0 
0.991445 0.130526 0 0 0 
0.984808 0.173648 0 0 0 
0.959827 -0.0183574 0 0 0 
0.957925 0.0252066 0 0 0 
0.954124 0.0686462 0 0 0 
0.948432 0.111879 0 0 0 
0.919653 -0.0367149 0 0 0 
0.916803 0.00678006 0 0 0 
0.912057 0.0501092 0 0 0 
0.87948 -0.0550723 0 0 0 
0.875681 -0.0116603 0 0 0 
0.839306 -0.0734298 0 0 0 
1 2 6
2 7 6
2 3 7
3 8 7
3 4 8
4 9 8
4 5 9
6 7 10
7 11 10
7 8 11
8 12 11
8 9 12
10 11 13
11 14 13
11 12 14
13 14 15
ZONE N=15, E=16, F=FEPOINT, ET=TRIANGLE
-0.5 0 0 0 0 
-0.551442 0.0472774 0 0 0 
-0.602884 0.0945549 0 0 0 
-0.654325 0.141832 0 0 0 
-0.705767 0.18911 0 0 0 
-0.562577 -0.0164109 0 0 0 
-0.614019 0.0308665 0 0 0 
-0.665461 0.078144 0 0 0 
-0.716903 0.125421 0 0 0 
-0.625155 -0.0328218 0 0 0 
-0.676597 0.0144556 0 0 0 
-0.728039 0.0617331 0 0 0 
-0.687732 -0.0492327 0 0 0 
-0.739174 -0.00195527 0 0 0 
-0.75031 -0.0656436 0 0 0 
1 2 6
2 7 6
2 3 7
3 8 7
3 4 8
4 9 8
4 5 9
6 7 10
7 11 10
7 8 11
8 12 11
8 9 12
10 11 13
11 14 13
11 12 14
13 14 15
ZONE N=15, E=16, F=FEPOINT, ET=TRIANGLE
0.194889 -0.727337 0 0 0 
0.128168 -0.751235 0 0 0 
0.0614461 -0.775133 0 0 0 
-0.00527545 -0.799032 0 0 0 
-0.071997 -0.82293 0 0 0 
0.189579 -0.791705 0 0 0 
0.122857 -0.815603 0 0 0 
0.0561359 -0.839501 0 0 0 
-0.0105857 -0.863399 0 0 0 
0.184269 -0.856072 0 0 0 
0.117547 -0.879971 0 0 0 
0.0508256 -0.903869 0 0 0 
0.178958 -0.92044 0 0 0 
0.112237 -0.944338 0 0 0 
0.173648 -0.984808 0 0 0 
1 2 6
2 7 6
2 3 7
3 8 7
3 4 8
4 9 8
4 5 9
6 7 10
7 11 10
7 8 11
8 12 11
8 9 12
10 11 13
11 14 13
11 12 14
13 14 15
ZONE N=15, E=16, F=FEPOINT, ET=TRIANGLE
0.766044 -0.642788 0 0 0 
0.793353 -0.608761 0 0 0 
0.819152 -0.573576 0 0 0 
0.843391 -0.5373 0 0 0 
0.866025 -0.5 0 0 0 
0.765427 -0.571106 0 0 0 
0.791973 -0.536512 0 0 0 
0.816984 -0.500792 0 0 0 
0.840413 -0.464015 0 0 0 
0.76481 -0.499424 0 0 0 
0.790584 -0.464273 0 0 0 
0.8148 -0.42803 0 0 0 
0.764193 -0.427743 0 0 0 
0.789188 -0.392046 0 0 0 
0.763575 -0.356061 0 0 0 
1 2 6
2 7 6
2 3 7
3 8 7
3 4 8
4 9 8
4 5 9
6 7 10
7 11 10
7 8 11
8 12 11
8 9 12
10 11 13
11 14 13
11 12 14
13 14 15
ZONE N=15, E=16, F=FEPOINT, ET=TRIANGLE
-0.177857 -0.663773 0 0 0 
-0.241368 -0.652034 0 0 0 
-0.304879 -0.640295 0 0 0 
-0.368389 -0.628556 0 0 0 
-0.4319 -0.616817 0 0 0 
-0.218898 -0.732753 0 0 0 
-0.282409 -0.721014 0 0 0 
-0.345919 -0.709275 0 0 0 
-0.40943 -0.697536 0 0 0 
-0.259939 -0.801733 0 0 0 
-0.323449 -0.789994 0 0 0 
-0.38696 -0.778255 0 0 0 
-0.300979 -0.870713 0 0 0 
-0.36449 -0.858974 0 0 0 
-0.34202 -0.939693 0 0 0 
1 2 6
2 7 6
2 3 7
3 8 7
3 4 8
4 9 8
4 5 9
6 7 10
7 11 10
7 8 11
8 12 11
8 9 12
10 11 13
11 14 13
11 12 14
13 14 15
ZONE N=15, E=16, F=FEPOINT, ET=TRIANGLE
-0.34202 -0.939693 0 0 0 
-0.36449 -0.858974 0 0 0 
-0.38696 -0.778255 0 0 0 
-0.40943 -0.697536 0 0 0 
-0.4319 -0.616817 0 0 0 
-0.382683 -0.92388 0 0 0 
-0.404777 -0.842287 0 0 0 
-0.426857 -0.7607 0 0 0 
-0.448925 -0.679119 0 0 0 
-0.422618 -0.906308 0 0 0 
-0.444297 -0.823859 0 0 0 
-0.46595 -0.741421 0 0 0 
-0.461749 -0.887011 0 0 0 
-0.482975 -0.803723 0 0 0 
-0.5 -0.866025 0 0 0 
1 2 6
2 7 6
2 3 7
3 8 7
3 4 8
4 9 8
4 5 9
6 7 10
7 11 10
7 8 11
8 12 11
8 9 12
10 11 13
11 14 13
11 12 14
13 14 15
ZONE N=15, E=16, F=FEPOINT, ET=TRIANGLE
0.939693 -0.34202 0 0 0 
0.895663 -0.34553 0 0 0 
0.851634 -0.349041 0 0 0 
0.807605 -0.352551 0 0 0 
0.763575 -0.356061 0 0 0 
0.92388 -0.382683 0 0 0 
0.878977 -0.385817 0 0 0 
0.834079 -0.388938 0 0 0 
0.789188 -0.392046 0 0 0 
0.906308 -0.422618 0 0 0 
0.860548 -0.425337 0 0 0 
0.8148 -0.42803 0 0 0 
0.887011 -0.461749 0 0 0 
0.840413 -0.464015 0 0 0 
0.866025 -0.5 0 0 0 
1 2 6
2 7 6
2 3 7
3 8 7
3 4 8
4 9 8
4 5 9
6 7 10
7 11 10
7 8 11
8 12 11
8 9 12
10 11 13
11 14 13
11 12 14
13 14 15
ZONE N=15, E=16, F=FEPOINT, ET=TRIANGLE
-0.866025 -0.5 0 0 0 
-0.843391 -0.5373 0 0 0 
-0.819152 -0.573576 0 0 0 
-0.793353 -0.608761 0 0 0 
-0.766044 -0.642788 0 0 0 
-0.818961 -0.493644 0 0 0 
-0.795532 -0.530421 0 0 0 
-0.770521 -0.566141 0 0 0 
-0.743975 -0.600735 0 0 0 
-0.771896 -0.487289 0 0 0 
-0.74768 -0.523531 0 0 0 
-0.721906 -0.558683 0 0 0 
-0.724832 -0.480933 0 0 0 
-0.699837 -0.51663 0 0 0 
-0.677767 -0.474578 0 0 0 
1 2 6
2 7 6
2 3 7
3 8 7
3 4 8
4 9 8
4 5 9
6 7 10
7 11 10
7 8 11
8 12 11
8 9 12
10 11 13
11 14 13
11 12 14
13 14 15
ZONE N=15, E=16, F=FEPOINT, ET=TRIANGLE
-0.984808 0.173648 0 0 0 
-0.991445 0.130526 0 0 0 
-0.996195 0.0871557 0 0 0 
-0.999048 0.0436194 0 0 0 
-1 1.249e-16 0 0 0 
-0.926183 0.113825 0 0 0 
-0.931875 0.0705928 0 0 0 
-0.935676 0.0271532 0 0 0 
-0.937577 -0.0164109 0 0 0 
-0.867559 0.0540023 0 0 0 
-0.872304 0.0106731 0 0 0 
-0.875155 -0.0328218 0 0 0 
-0.808934 -0.00582066 0 0 0 
-0.812732 -0.0492327 0 0 0 
-0.75031 -0.0656436 0 0 0 
1 2 6
2 7 6
2 3 7
3 8 7
3 4 8
4 9 8
4 5 9
6 7 10
7 11 10
7 8 11
8 12 11
8 9 12
10 11 13
11 14 13
11 12 14
13 14 15
ZONE N=15, E=16, F=FEPOINT, ET=TRIANGLE
-0.616663 0.431792 0 0 0 
-0.679003 0.448844 0 0 0 
-0.741344 0.465896 0 0 0 
-0.803685 0.482948 0 0 0 
-0.866025 0.5 0 0 0 
-0.69742 0.409349 0 0 0 
-0.760623 0.426803 0 0 0 
-0.82382 0.44427 0 0 0 
-0.887011 0.461749 0 0 0 
-0.778178 0.386906 0 0 0 
-0.842248 0.40475 0 0 0 
-0.906308 0.422618 0 0 0 
-0.858935 0.364463 0 0 0 
-0.92388 0.382683 0 0 0 
-0.939693 0.34202 0 0 0 
1 2 6
2 7 6
2 3 7
3 8 7
3 4 8
4 9 8
4 5 9
6 7 10
7 11 10
7 8 11
8 12 11
8 9 12
10 11 13
11 14 13
11 12 14
13 14 15
ZONE N=15, E=16, F=FEPOINT, ET=TRIANGLE
-0.939693 0.34202 0 0 0 
-0.953717 0.300706 0 0 0 
-0.965926 0.258819 0 0 0 
-0.976296 0.21644 0 0 0 
-0.984808 0.173648 0 0 0 
-0.881211 0.303793 0 0 0 
-0.894324 0.262205 0 0 0 
-0.90561 0.220086 0 0 0 
-0.915048 0.177514 0 0 0 
-0.82273 0.265565 0 0 0 
-0.834927 0.223718 0 0 0 
-0.845288 0.181379 0 0 0 
-0.764249 0.227337 0 0 0 
-0.775527 0.185244 0 0 0 
-0.705767 0.18911 0 0 0 
1 2 6
2 7 6
2 3 7
3 8 7
3 4 8
4 9 8
4 5 9
6 7 10
7 11 10
7 8 11
8 12 11
8 9 12
10 11 13
11 14 13
11 12 14
13 14 15
ZONE N=15, E=16, F=FEPOINT, ET=TRIANGLE
-1.80411e-16 -1 0 0 0 
-0.0179993 -0.955733 0 0 0 
-0.0359985 -0.911465 0 0 0 
-0.0539978 -0.867198 0 0 0 
-0.071997 -0.82293 0 0 0 
-0.0436194 -0.999048 0 0 0 
-0.0615633 -0.953831 0 0 0 
-0.0794935 -0.908615 0 0 0 
-0.0974098 -0.863399 0 0 0 
-0.0871557 -0.996195 0 0 0 
-0.105003 -0.95003 0 0 0 
-0.122823 -0.903869 0 0 0 
-0.130526 -0.991445 0 0 0 
-0.148235 -0.944338 0 0 0 
-0.173648 -0.984808 0 0 0 
1 2 6
2 7 6
2 3 7
3 8 7
3 4 8
4 9 8
4 5 9
6 7 10
7 11 10
7 8 11
8 12 11
8 9 12
10 11 13
11 14 13
11 12 14
13 14 15
ZONE N=15, E=16, F=FEPOINT, ET=TRIANGLE
-0.34202 -0.939693 0 0 0 
-0.300706 -0.953717 0 0 0 
-0.258819 -0.965926 0 0 0 
-0.21644 -0.976296 0 0 0 
-0.173648 -0.984808 0 0 0 
-0.274514 -0.910502 0 0 0 
-0.232927 -0.923615 0 0 0 
-0.190807 -0.934901 0 0 0 
-0.148235 -0.944338 0 0 0 
-0.207009 -0.881311 0 0 0 
-0.165162 -0.893509 0 0 0 
-0.122823 -0.903869 0 0 0 
-0.139503 -0.852121 0 0 0 
-0.0974098 -0.863399 0 0 0 
-0.071997 -0.82293 0 0 0 
1 2 6
2 7 6
2 3 7
3 8 7
3 4 8
4 9 8
4 5 9
6 7 10
7 11 10
7 8 11
8 12 11
8 9 12
10 11 13
11 14 13
11 12 14
13 14 15
ZONE N=15, E=16, F=FEPOINT, ET=TRIANGLE
-0.984808 -0.173648 0 0 0 
-0.926183 -0.146647 0 0 0 
-0.867559 -0.119646 0 0 0 
-0.808934 -0.0926448 0 0 0 
-0.75031 -0.0656436 0 0 0 
-0.991445 -0.130526 0 0 0 
-0.931875 -0.103415 0 0 0 
-0.872304 -0.0763167 0 0 0 
-0.812732 -0.0492327 0 0 0 
-0.996195 -0.0871557 0 0 0 
-0.935676 -0.059975 0 0 0 
-0.875155 -0.0328218 0 0 0 
-0.999048 -0.0436194 0 0 0 
-0.937577 -0.0164109 0 0 0 
-1 1.249e-16 0 0 0 
1 2 6
2 7 6
2 3 7
3 8 7
3 4 8
4 9 8
4 5 9
6 7 10
7 11 10
7 8 11
8 12 11
8 9 12
10 11 13
11 14 13
11 12 14
13 14 15
ZONE N=15, E=16, F=FEPOINT, ET=TRIANGLE
-0.625856 -0.291842 0 0 0 
-0.704315 -0.304386 0 0 0 
-0.782774 -0.316931 0 0 0 
-0.861233 -0.329475 0 0 0 
-0.939693 -0.34202 0 0 0 
-0.638834 -0.337526 0 0 0 
-0.717293 -0.35007 0 0 0 
-0.795752 -0.362615 0 0 0 
-0.874211 -0.37516 0 0 0 
-0.651812 -0.38321 0 0 0 
-0.730271 -0.395754 0 0 0 
-0.80873 -0.408299 0 0 0 
-0.66479 -0.428894 0 0 0 
-0.743249 -0.441438 0 0 0 
-0.677767 -0.474578 0 0 0 
1 2 6
2 7 6
2 3 7
3 8 7
3 4 8
4 9 8
4 5 9
6 7 10
7 11 10
7 8 11
8 12 11
8 9 12
10 11 13
11 14 13
11 12 14
13 14 15
ZONE N=15, E=16, F=FEPOINT, ET=TRIANGLE
-0.766044 0.642788 0 0 0 
-0.728699 0.590039 0 0 0 
-0.691353 0.53729 0 0 0 
-0.654008 0.484541 0 0 0 
-0.616663 0.431792 0 0 0 
-0.692987 0.651261 0 0 0 
-0.655642 0.598512 0 0 0 
-0.618296 0.545763 0 0 0 
-0.580951 0.493014 0 0 0 
-0.61993 0.659734 0 0 0 
-0.582585 0.606985 0 0 0 
-0.545239 0.554236 0 0 0 
-0.546873 0.668207 0 0 0 
-0.509528 0.615458 0 0 0 
-0.473816 0.67668 0 0 0 
1 2 6
2 7 6
2 3 7
3 8 7
3 4 8
4 9 8
4 5 9
6 7 10
7 11 10
7 8 11
8 12 11
8 9 12
10 11 13
11 14 13
11 12 14
13 14 15
ZONE N=15, E=16, F=FEPOINT, ET=TRIANGLE
-0.766044 0.642788 0 0 0 
-0.793353 0.608761 0 0 0 
-0.819152 0.573576 0 0 0 
-0.843391 0.5373 0 0 0 
-0.866025 0.5 0 0 0 
-0.728699 0.590039 0 0 0 
-0.755245 0.555444 0 0 0 
-0.780256 0.519725 0 0 0 
-0.803685 0.482948 0 0 0 
-0.691353 0.53729 0 0 0 
-0.717128 0.502138 0 0 0 
-0.741344 0.465896 0 0 0 
-0.654008 0.484541 0 0 0 
-0.679003 0.448844 0 0 0 
-0.616663 0.431792 0 0 0 
1 2 6
2 7 6
2 3 7
3 8 7
3 4 8
4 9 8
4 5 9
6 7 10
7 11 10
7 8 11
8 12 11
8 9 12
10 11 13
11 14 13
11 12 14
13 14 15
ZONE N=15, E=16, F=FEPOINT, ET=TRIANGLE
-0.5 0.866025 0 0 0 
-0.5373 0.843391 0 0 0 
-0.573576 0.819152 0 0 0 
-0.608761 0.793353 0 0 0 
-0.642788 0.766044 0 0 0 
-0.493454 0.818689 0 0 0 
-0.530231 0.79526 0 0 0 
-0.56595 0.770249 0 0 0 
-0.600545 0.743703 0 0 0 
-0.486908 0.771353 0 0 0 
-0.523151 0.747137 0 0 0 
-0.558302 0.721362 0 0 0 
-0.480362 0.724016 0 0 0 
-0.516059 0.699021 0 0 0 
-0.473816 0.67668 0 0 0 
1 2 6
2 7 6
2 3 7
3 8 7
3 4 8
4 9 8
4 5 9
6 7 10
7 11 10
7 8 11
8 12 11
8 9 12
10 11 13
11 14 13
11 12 14
13 14 15
ZONE N=15, E=16, F=FEPOINT, ET=TRIANGLE
-0.34202 0.939693 0 0 0 
-0.32912 0.860471 0 0 0 
-0.316219 0.781248 0 0 0 
-0.303319 0.702026 0 0 0 
-0.290418 0.622804 0 0 0 
-0.272922 0.892302 0 0 0 
-0.260022 0.81308 0 0 0 
-0.247121 0.733858 0 0 0 
-0.234221 0.654636 0 0 0 
-0.203824 0.844911 0 0 0 
-0.190924 0.765689 0 0 0 
-0.178023 0.686467 0 0 0 
-0.134726 0.79752 0 0 0 
-0.121825 0.718298 0 0 0 
-0.0656278 0.750129 0 0 0 
1 2 6
2 7 6
2 3 7
3 8 7
3 4 8
4 9 8
4 5 9
6 7 10
7 11 10
7 8 11
8 12 11
8 9 12
10 11 13
11 14 13
11 12 14
13 14 15
ZONE N=15, E=16, F=FEPOINT, ET=TRIANGLE
-0.34202 0.939693 0 0 0 
-0.382683 0.92388 0 0 0 
-0.422618 0.906308 0 0 0 
-0.461749 0.887011 0 0 0 
-0.5 0.866025 0 0 0 
-0.374969 0.873939 0 0 0 
-0.415256 0.857253 0 0 0 
-0.454776 0.838824 0 0 0 
-0.493454 0.818689 0 0 0 
-0.407918 0.808186 0 0 0 
-0.447815 0.790631 0 0 0 
-0.486908 0.771353 0 0 0 
-0.440867 0.742433 0 0 0 
-0.480362 0.724016 0 0 0 
-0.473816 0.67668 0 0 0 
1 2 6
2 7 6
2 3 7
3 8 7
3 4 8
4 9 8
4 5 9
6 7 10
7 11 10
7 8 11
8 12 11
8 9 12
10 11 13
11 14 13
11 12 14
13 14 15
ZONE N=15, E=16, F=FEPOINT, ET=TRIANGLE
-0.616663 0.431792 0 0 0 
-0.69742 0.409349 0 0 0 
-0.778178 0.386906 0 0 0 
-0.858935 0.364463 0 0 0 
-0.939693 0.34202 0 0 0 
-0.638939 0.371121 0 0 0 
-0.719696 0.348678 0 0 0 
-0.800454 0.326235 0 0 0 
-0.881211 0.303793 0 0 0 
-0.661215 0.310451 0 0 0 
-0.741972 0.288008 0 0 0 
-0.82273 0.265565 0 0 0 
-0.683491 0.24978 0 0 0 
-0.764249 0.227337 0 0 0 
-0.705767 0.18911 0 0 0 
1 2 6
2 7 6
2 3 7
3 8 7
3 4 8
4 9 8
4 5 9
6 7 10
7 11 10
7 8 11
8 12 11
8 9 12
10 11 13
11 14 13
11 12 14
13 14 15
ZONE N=15, E=16, F=FEPOINT, ET=TRIANGLE
-0.939693 -0.34202 0 0 0 
-0.892347 -0.272926 0 0 0 
-0.845001 -0.203832 0 0 0 
-0.797656 -0.134738 0 0 0 
-0.75031 -0.0656436 0 0 0 
-0.953717 -0.300706 0 0 0 
-0.90546 -0.231339 0 0 0 
-0.857199 -0.161985 0 0 0 
-0.808934 -0.0926448 0 0 0 
-0.965926 -0.258819 0 0 0 
-0.916746 -0.189219 0 0 0 
-0.867559 -0.119646 0 0 0 
-0.976296 -0.21644 0 0 0 
-0.926183 -0.146647 0 0 0 
-0.984808 -0.173648 0 0 0 
1 2 6
2 7 6
2 3 7
3 8 7
3 4 8
4 9 8
4 5 9
6 7 10
7 11 10
7 8 11
8 12 11
8 9 12
10 11 13
11 14 13
11 12 14
13 14 15
ZONE N=15, E=16, F=FEPOINT, ET=TRIANGLE
-0.071997 -0.82293 0 0 0 
-0.0984622 -0.783141 0 0 0 
-0.124927 -0.743352 0 0 0 
-0.151392 -0.703562 0 0 0 
-0.177857 -0.663773 0 0 0 
-0.139503 -0.852121 0 0 0 
-0.165968 -0.812331 0 0 0 
-0.192433 -0.772542 0 0 0 
-0.218898 -0.732753 0 0 0 
-0.207009 -0.881311 0 0 0 
-0.233474 -0.841522 0 0 0 
-0.259939 -0.801733 0 0 0 
-0.274514 -0.910502 0 0 0 
-0.300979 -0.870713 0 0 0 
-0.34202 -0.939693 0 0 0 
1 2 6
2 7 6
2 3 7
3 8 7
3 4 8
4 9 8
4 5 9
6 7 10
7 11 10
7 8 11
8 12 11
8 9 12
10 11 13
11 14 13
11 12 14
13 14 15
ZONE N=15, E=16, F=FEPOINT, ET=TRIANGLE
0.5 0 0 0 0 
0.584827 -0.0183574 0 0 0 
0.669653 -0.0367149 0 0 0 
0.75448 -0.0550723 0 0 0 
0.839306 -0.0734298 0 0 0 
0.574802 0.0535368 0 0 0 
0.659629 0.0351794 0 0 0 
0.744455 0.0168219 0 0 0 
0.829282 -0.00153552 0 0 0 
0.649604 0.107074 0 0 0 
0.734431 0.0887162 0 0 0 
0.819257 0.0703587 0 0 0 
0.724406 0.16061 0 0 0 
0.809233 0.142253 0 0 0 
0.799208 0.214147 0 0 0 
1 2 6
2 7 6
2 3 7
3 8 7
3 4 8
4 9 8
4 5 9
6 7 10
7 11 10
7 8 11
8 12 11
8 9 12
10 11 13
11 14 13
11 12 14
13 14 15
ZONE N=15, E=16, F=FEPOINT, ET=TRIANGLE
0.394155 -0.562912 0 0 0 
0.344339 -0.604018 0 0 0 
0.294522 -0.645124 0 0 0 
0.244706 -0.686231 0 0 0 
0.194889 -0.727337 0 0 0 
0.420616 -0.63869 0 0 0 
0.3708 -0.679797 0 0 0 
0.320983 -0.720903 0 0 0 
0.271167 -0.762009 0 0 0 
0.447078 -0.714469 0 0 0 
0.397261 -0.755575 0 0 0 
0.347445 -0.796681 0 0 0 
0.473539 -0.790247 0 0 0 
0.423722 -0.831353 0 0 0 
0.5 -0.866025 0 0 0 
1 2 6
2 7 6
2 3 7
3 8 7
3 4 8
4 9 8
4 5 9
6 7 10
7 11 10
7 8 11
8 12 11
8 9 12
10 11 13
11 14 13
11 12 14
13 14 15
ZONE N=15, E=16, F=FEPOINT, ET=TRIANGLE
-0.473816 0.67668 0 0 0 
-0.427967 0.663211 0 0 0 
-0.382117 0.649742 0 0 0 
-0.336268 0.636273 0 0 0 
-0.290418 0.622804 0 0 0 
-0.440867 0.742433 0 0 0 
-0.395018 0.728964 0 0 0 
-0.349168 0.715495 0 0 0 
-0.303319 0.702026 0 0 0 
-0.407918 0.808186 0 0 0 
-0.362069 0.794717 0 0 0 
-0.316219 0.781248 0 0 0 
-0.374969 0.873939 0 0 0 
-0.32912 0.860471 0 0 0 
-0.34202 0.939693 0 0 0 
1 2 6
2 7 6
2 3 7
3 8 7
3 4 8
4 9 8
4 5 9
6 7 10
7 11 10
7 8 11
8 12 11
8 9 12
10 11 13
11 14 13
11 12 14
13 14 15
ZONE N=15, E=16, F=FEPOINT, ET=TRIANGLE
0.5 -0.866025 0 0 0 
0.5373 -0.843391 0 0 0 
0.573576 -0.819152 0 0 0 
0.608761 -0.793353 0 0 0 
0.642788 -0.766044 0 0 0 
0.521031 -0.79555 0 0 0 
0.557807 -0.772121 0 0 0 
0.593527 -0.74711 0 0 0 
0.628121 -0.720564 0 0 0 
0.542061 -0.725074 0 0 0 
0.578304 -0.700858 0 0 0 
0.613455 -0.675083 0 0 0 
0.563092 -0.654598 0 0 0 
0.598789 -0.629603 0 0 0 
0.584122 -0.584122 0 0 0 
1 2 6
2 7 6
2 3 7
3 8 7
3 4 8
4 9 8
4 5 9
6 7 10
7 11 10
7 8 11
8 12 11
8 9 12
10 11 13
11 14 13
11 12 14
13 14 15
ZONE N=15, E=16, F=FEPOINT, ET=TRIANGLE
0.34202 -0.939693 0 0 0 
0.305237 -0.886604 0 0 0 
0.268455 -0.833515 0 0 0 
0.231672 -0.780426 0 0 0 
0.194889 -0.727337 0 0 0 
0.300706 -0.953717 0 0 0 
0.26365 -0.899717 0 0 0 
0.226608 -0.845712 0 0 0 
0.189579 -0.791705 0 0 0 
0.258819 -0.965926 0 0 0 
0.22153 -0.911003 0 0 0 
0.184269 -0.856072 0 0 0 
0.21644 -0.976296 0 0 0 
0.178958 -0.92044 0 0 0 
0.173648 -0.984808 0 0 0 
1 2 6
2 7 6
2 3 7
3 8 7
3 4 8
4 9 8
4 5 9
6 7 10
7 11 10
7 8 11
8 12 11
8 9 12
10 11 13
11 14 13
11 12 14
13 14 15
ZONE N=15, E=16, F=FEPOINT, ET=TRIANGLE
0.584122 -0.584122 0 0 0 
0.598789 -0.629603 0 0 0 
0.613455 -0.675083 0 0 0 
0.628121 -0.720564 0 0 0 
0.642788 -0.766044 0 0 0 
0.629603 -0.598789 0 0 0 
0.644942 -0.644942 0 0 0 
0.660271 -0.691105 0 0 0 
0.67559 -0.737277 0 0 0 
0.675083 -0.613455 0 0 0 
0.691105 -0.660271 0 0 0 
0.707107 -0.707107 0 0 0 
0.720564 -0.628121 0 0 0 
0.737277 -0.67559 0 0 0 
0.766044 -0.642788 0 0 0 
1 2 6
2 7 6
2 3 7
3 8 7
3 4 8
4 9 8
4 5 9
6 7 10
7 11 10
7 8 11
8 12 11
8 9 12
10 11 13
11 14 13
11 12 14
13 14 15
ZONE N=15, E=16, F=FEPOINT, ET=TRIANGLE
-0.5 0 0 0 0 
-0.489813 0.0606664 0 0 0 
-0.479626 0.121333 0 0 0 
-0.469439 0.181999 0 0 0 
-0.459251 0.242666 0 0 0 
-0.551442 0.0472774 0 0 0 
-0.541255 0.107944 0 0 0 
-0.531067 0.16861 0 0 0 
-0.52088 0.229277 0 0 0 
-0.602884 0.0945549 0 0 0 
-0.592696 0.155221 0 0 0 
-0.582509 0.215888 0 0 0 
-0.654325 0.141832 0 0 0 
-0.644138 0.202499 0 0 0 
-0.705767 0.18911 0 0 0 
1 2 6
2 7 6
2 3 7
3 8 7
3 4 8
4 9 8
4 5 9
6 7 10
7 11 10
7 8 11
8 12 11
8 9 12
10 11 13
11 14 13
11 12 14
13 14 15
ZONE N=15, E=16, F=FEPOINT, ET=TRIANGLE
0.34202 -0.939693 0 0 0 
0.382683 -0.92388 0 0 0 
0.422618 -0.906308 0 0 0 
0.461749 -0.887011 0 0 0 
0.5 -0.866025 0 0 0 
0.305237 -0.886604 0 0 0 
0.345524 -0.869917 0 0 0 
0.385044 -0.851488 0 0 0 
0.423722 -0.831353 0 0 0 
0.268455 -0.833515 0 0 0 
0.308352 -0.81596 0 0 0 
0.347445 -0.796681 0 0 0 
0.231672 -0.780426 0 0 0 
0.271167 -0.762009 0 0 0 
0.194889 -0.727337 0 0 0 
1 2 6
2 7 6
2 3 7
3 8 7
3 4 8
4 9 8
4 5 9
6 7 10
7 11 10
7 8 11
8 12 11
8 9 12
10 11 13
11 14 13
11 12 14
13 14 15
ZONE N=15, E=16, F=FEPOINT, ET=TRIANGLE
-0.4319 -0.616817 0 0 0 
-0.493367 -0.581257 0 0 0 
-0.554834 -0.545697 0 0 0 
-0.616301 -0.510138 0 0 0 
-0.677767 -0.474578 0 0 0 
-0.484622 -0.654124 0 0 0 
-0.546089 -0.618564 0 0 0 
-0.607556 -0.583004 0 0 0 
-0.669022 -0.547445 0 0 0 
-0.537344 -0.691431 0 0 0 
-0.598811 -0.655871 0 0 0 
-0.660278 -0.620311 0 0 0 
-0.590066 -0.728738 0 0 0 
-0.651533 -0.693178 0 0 0 
-0.642788 -0.766044 0 0 0 
1 2 6
2 7 6
2 3 7
3 8 7
3 4 8
4 9 8
4 5 9
6 7 10
7 11 10
7 8 11
8 12 11
8 9 12
10 11 13
11 14 13
11 12 14
13 14 15
ZONE N=15, E=16, F=FEPOINT, ET=TRIANGLE
1 -2.498e-16 0 0 0 
0.959827 -0.0183574 0 0 0 
0.919653 -0.0367149 0 0 0 
0.87948 -0.0550723 0 0 0 
0.839306 -0.0734298 0 0 0 
0.999048 -0.0436194 0 0 0 
0.957925 -0.0619215 0 0 0 
0.916803 -0.0802098 0 0 0 
0.875681 -0.0984844 0 0 0 
0.996195 -0.0871557 0 0 0 
0.954124 -0.105361 0 0 0 
0.912057 -0.123539 0 0 0 
0.991445 -0.130526 0 0 0 
0.948432 -0.148594 0 0 0 
0.984808 -0.173648 0 0 0 
1 2 6
2 7 6
2 3 7
3 8 7
3 4 8
4 9 8
4 5 9
6 7 10
7 11 10
7 8 11
8 12 11
8 9 12
10 11 13
11 14 13
11 12 14
13 14 15
ZONE N=15, E=16, F=FEPOINT, ET=TRIANGLE
-0.5 -0.866025 0 0 0 
-0.482975 -0.803723 0 0 0 
-0.46595 -0.741421 0 0 0 
-0.448925 -0.679119 0 0 0 
-0.4319 -0.616817 0 0 0 
-0.5373 -0.843391 0 0 0 
-0.519752 -0.780294 0 0 0 
-0.502192 -0.717205 0 0 0 
-0.484622 -0.654124 0 0 0 
-0.573576 -0.819152 0 0 0 
-0.555471 -0.755283 0 0 0 
-0.537344 -0.691431 0 0 0 
-0.608761 -0.793353 0 0 0 
-0.590066 -0.728738 0 0 0 
-0.642788 -0.766044 0 0 0 
1 2 6
2 7 6
2 3 7
3 8 7
3 4 8
4 9 8
4 5 9
6 7 10
7 11 10
7 8 11
8 12 11
8 9 12
10 11 13
11 14 13
11 12 14
13 14 15
ZONE N=15, E=16, F=FEPOINT, ET=TRIANGLE
-0.677767 -0.474578 0 0 0 
-0.699837 -0.51663 0 0 0 
-0.721906 -0.558683 0 0 0 
-0.743975 -0.600735 0 0 0 
-0.766044 -0.642788 0 0 0 
-0.669022 -0.547445 0 0 0 
-0.691764 -0.59017 0 0 0 
-0.714516 -0.632885 0 0 0 
-0.737277 -0.67559 0 0 0 
-0.660278 -0.620311 0 0 0 
-0.683682 -0.663719 0 0 0 
-0.707107 -0.707107 0 0 0 
-0.651533 -0.693178 0 0 0 
-0.67559 -0.737277 0 0 0 
-0.642788 -0.766044 0 0 0 
1 2 6
2 7 6
2 3 7
3 8 7
3 4 8
4 9 8
4 5 9
6 7 10
7 11 10
7 8 11
8 12 11
8 9 12
10 11 13
11 14 13
11 12 14
13 14 15
ZONE N=15, E=16, F=FEPOINT, ET=TRIANGLE
0.939693 -0.34202 0 0 0 
0.953717 -0.300706 0 0 0 
0.965926 -0.258819 0 0 0 
0.976296 -0.21644 0 0 0 
0.984808 -0.173648 0 0 0 
0.881211 -0.303793 0 0 0 
0.894324 -0.262205 0 0 0 
0.90561 -0.220086 0 0 0 
0.915048 -0.177514 0 0 0 
0.82273 -0.265565 0 0 0 
0.834927 -0.223718 0 0 0 
0.845288 -0.181379 0 0 0 
0.764249 -0.227337 0 0 0 
0.775527 -0.185244 0 0 0 
0.705767 -0.18911 0 0 0 
1 2 6
2 7 6
2 3 7
3 8 7
3 4 8
4 9 8
4 5 9
6 7 10
7 11 10
7 8 11
8 12 11
8 9 12
10 11 13
11 14 13
11 12 14
13 14 15
ZONE N=15, E=16, F=FEPOINT, ET=TRIANGLE
0.394155 -0.562912 0 0 0 
0.420616 -0.63869 0 0 0 
0.447078 -0.714469 0 0 0 
0.473539 -0.790247 0 0 0 
0.5 -0.866025 0 0 0 
0.441647 -0.568214 0 0 0 
0.468108 -0.643993 0 0 0 
0.494569 -0.719771 0 0 0 
0.521031 -0.79555 0 0 0 
0.489139 -0.573517 0 0 0 
0.5156 -0.649295 0 0 0 
0.542061 -0.725074 0 0 0 
0.53663 -0.57882 0 0 0 
0.563092 -0.654598 0 0 0 
0.584122 -0.584122 0 0 0 
1 2 6
2 7 6
2 3 7
3 8 7
3 4 8
4 9 8
4 5 9
6 7 10
7 11 10
7 8 11
8 12 11
8 9 12
10 11 13
11 14 13
11 12 14
13 14 15
ZONE N=15, E=16, F=FEPOINT, ET=TRIANGLE
-0.071997 -0.82293 0 0 0 
-0.0539978 -0.867198 0 0 0 
-0.0359985 -0.911465 0 0 0 
-0.0179993 -0.955733 0 0 0 
-1.80411e-16 -1 0 0 0 
-0.0105857 -0.863399 0 0 0 
0.00749642 -0.908615 0 0 0 
0.0255648 -0.953831 0 0 0 
0.0436194 -0.999048 0 0 0 
0.0508256 -0.903869 0 0 0 
0.0690044 -0.95003 0 0 0 
0.0871557 -0.996195 0 0 0 
0.112237 -0.944338 0 0 0 
0.130526 -0.991445 0 0 0 
0.173648 -0.984808 0 0 0 
1 2 6
2 7 6
2 3 7
3 8 7
3 4 8
4 9 8
4 5 9
6 7 10
7 11 10
7 8 11
8 12 11
8 9 12
10 11 13
11 14 13
11 12 14
13 14 15
ZONE N=15, E=16, F=FEPOINT, ET=TRIANGLE
0.984808 -0.173648 0 0 0 
0.948432 -0.148594 0 0 0 
0.912057 -0.123539 0 0 0 
0.875681 -0.0984844 0 0 0 
0.839306 -0.0734298 0 0 0 
0.915048 -0.177514 0 0 0 
0.878672 -0.152459 0 0 0 
0.842297 -0.127404 0 0 0 
0.805921 -0.10235 0 0 0 
0.845288 -0.181379 0 0 0 
0.808912 -0.156324 0 0 0 
0.772537 -0.13127 0 0 0 
0.775527 -0.185244 0 0 0 
0.739152 -0.16019 0 0 0 
0.705767 -0.18911 0 0 0 
1 2 6
2 7 6
2 3 7
3 8 7
3 4 8
4 9 8
4 5 9
6 7 10
7 11 10
7 8 11
8 12 11
8 9 12
10 11 13
11 14 13
11 12 14
13 14 15
ZONE N=15, E=16, F=FEPOINT, ET=TRIANGLE
0.16636 0.363107 0 0 0 
0.24977 0.27233 0 0 0 
0.33318 0.181554 0 0 0 
0.41659 0.0907768 0 0 0 
0.5 0 0 0 0 
0.235549 0.382855 0 0 0 
0.318959 0.292078 0 0 0 
0.402369 0.201301 0 0 0 
0.485779 0.110524 0 0 0 
0.304738 0.402603 0 0 0 
0.388148 0.311826 0 0 0 
0.471558 0.221049 0 0 0 
0.373927 0.42235 0 0 0 
0.457337 0.331573 0 0 0 
0.443115 0.442098 0 0 0 
1 2 6
2 7 6
2 3 7
3 8 7
3 4 8
4 9 8
4 5 9
6 7 10
7 11 10
7 8 11
8 12 11
8 9 12
10 11 13
11 14 13
11 12 14
13 14 15
ZONE N=15, E=16, F=FEPOINT, ET=TRIANGLE
0.5 0.866025 0 0 0 
0.461749 0.887011 0 0 0 
0.422618 0.906308 0 0 0 
0.382683 0.92388 0 0 0 
0.34202 0.939693 0 0 0 
0.428451 0.849 0 0 0 
0.389772 0.869136 0 0 0 
0.350252 0.887564 0 0 0 
0.309966 0.904251 0 0 0 
0.356902 0.831976 0 0 0 
0.317809 0.851254 0 0 0 
0.277912 0.868809 0 0 0 
0.285353 0.814951 0 0 0 
0.245858 0.833367 0 0 0 
0.213804 0.797926 0 0 0 
1 2 6
2 7 6
2 3 7
3 8 7
3 4 8
4 9 8
4 5 9
6 7 10
7 11 10
7 8 11
8 12 11
8 9 12
10 11 13
11 14 13
11 12 14
13 14 15
ZONE N=15, E=16, F=FEPOINT, ET=TRIANGLE
-0.173648 0.984808 0 0 0 
-0.146643 0.926138 0 0 0 
-0.119638 0.867468 0 0 0 
-0.0926329 0.808799 0 0 0 
-0.0656278 0.750129 0 0 0 
-0.130526 0.991445 0 0 0 
-0.103411 0.93183 0 0 0 
-0.0763088 0.872214 0 0 0 
-0.0492208 0.812597 0 0 0 
-0.0871557 0.996195 0 0 0 
-0.059971 0.935631 0 0 0 
-0.0328139 0.875065 0 0 0 
-0.0436194 0.999048 0 0 0 
-0.0164069 0.937532 0 0 0 
5.55112e-17 1 0 0 0 
1 2 6
2 7 6
2 3 7
3 8 7
3 4 8
4 9 8
4 5 9
6 7 10
7 11 10
7 8 11
8 12 11
8 9 12
10 11 13
11 14 13
11 12 14
13 14 15
ZONE N=15, E=16, F=FEPOINT, ET=TRIANGLE
-0.0656278 0.750129 0 0 0 
0.00423004 0.762078 0 0 0 
0.0740879 0.774027 0 0 0 
0.143946 0.785977 0 0 0 
0.213804 0.797926 0 0 0 
-0.0492208 0.812597 0 0 0 
0.020637 0.824546 0 0 0 
0.0904948 0.836495 0 0 0 
0.160353 0.848444 0 0 0 
-0.0328139 0.875065 0 0 0 
0.0370439 0.887014 0 0 0 
0.106902 0.898963 0 0 0 
-0.0164069 0.937532 0 0 0 
0.0534509 0.949481 0 0 0 
6.12323e-17 1 0 0 0 
1 2 6
2 7 6
2 3 7
3 8 7
3 4 8
4 9 8
4 5 9
6 7 10
7 11 10
7 8 11
8 12 11
8 9 12
10 11 13
11 14 13
11 12 14
13 14 15
ZONE N=15, E=16, F=FEPOINT, ET=TRIANGLE
0.763575 -0.356061 0 0 0 
0.807605 -0.352551 0 0 0 
0.851634 -0.349041 0 0 0 
0.895663 -0.34553 0 0 0 
0.939693 -0.34202 0 0 0 
0.749123 -0.314323 0 0 0 
0.793153 -0.310813 0 0 0 
0.837182 -0.307303 0 0 0 
0.881211 -0.303793 0 0 0 
0.734671 -0.272585 0 0 0 
0.778701 -0.269075 0 0 0 
0.82273 -0.265565 0 0 0 
0.720219 -0.230848 0 0 0 
0.764249 -0.227337 0 0 0 
0.705767 -0.18911 0 0 0 
1 2 6
2 7 6
2 3 7
3 8 7
3 4 8
4 9 8
4 5 9
6 7 10
7 11 10
7 8 11
8 12 11
8 9 12
10 11 13
11 14 13
11 12 14
13 14 15
ZONE N=15, E=16, F=FEPOINT, ET=TRIANGLE
0.839306 -0.0734298 0 0 0 
0.75448 -0.0550723 0 0 0 
0.669653 -0.0367149 0 0 0 
0.584827 -0.0183574 0 0 0 
0.5 0 0 0 0 
0.805921 -0.10235 0 0 0 
0.721095 -0.0839923 0 0 0 
0.636268 -0.0656349 0 0 0 
0.551442 -0.0472774 0 0 0 
0.772537 -0.13127 0 0 0 
0.68771 -0.112912 0 0 0 
0.602884 -0.0945549 0 0 0 
0.739152 -0.16019 0 0 0 
0.654325 -0.141832 0 0 0 
0.705767 -0.18911 0 0 0 
1 2 6
2 7 6
2 3 7
3 8 7
3 4 8
4 9 8
4 5 9
6 7 10
7 11 10
7 8 11
8 12 11
8 9 12
10 11 13
11 14 13
11 12 14
13 14 15
ZONE N=15, E=16, F=FEPOINT, ET=TRIANGLE
-0.625856 -0.291842 0 0 0 
-0.594392 -0.218881 0 0 0 
-0.562928 -0.145921 0 0 0 
-0.531464 -0.0729604 0 0 0 
-0.5 0 0 0 0 
-0.65697 -0.235292 0 0 0 
-0.625506 -0.162332 0 0 0 
-0.594042 -0.0893713 0 0 0 
-0.562577 -0.0164109 0 0 0 
-0.688083 -0.178743 0 0 0 
-0.656619 -0.105782 0 0 0 
-0.625155 -0.0328218 0 0 0 
-0.719196 -0.122193 0 0 0 
-0.687732 -0.0492327 0 0 0 
-0.75031 -0.0656436 0 0 0 
1 2 6
2 7 6
2 3 7
3 8 7
3 4 8
4 9 8
4 5 9
6 7 10
7 11 10
7 8 11
8 12 11
8 9 12
10 11 13
11 14 13
11 12 14
13 14 15
ZONE N=15, E=16, F=FEPOINT, ET=TRIANGLE
0.677767 0.474578 0 0 0 
0.708128 0.40947 0 0 0 
0.738488 0.344363 0 0 0 
0.768848 0.279255 0 0 0 
0.799208 0.214147 0 0 0 
0.743249 0.441438 0 0 0 
0.773609 0.376331 0 0 0 
0.803969 0.311223 0 0 0 
0.834329 0.246115 0 0 0 
0.80873 0.408299 0 0 0 
0.83909 0.343191 0 0 0 
0.86945 0.278084 0 0 0 
0.874211 0.37516 0 0 0 
0.904572 0.310052 0 0 0 
0.939693 0.34202 0 0 0 
1 2 6
2 7 6
2 3 7
3 8 7
3 4 8
4 9 8
4 5 9
6 7 10
7 11 10
7 8 11
8 12 11
8 9 12
10 11 13
11 14 13
11 12 14
13 14 15
ZONE N=15, E=16, F=FEPOINT, ET=TRIANGLE
0.5 0.866025 0 0 0 
0.493454 0.818689 0 0 0 
0.486908 0.771353 0 0 0 
0.480362 0.724016 0 0 0 
0.473816 0.67668 0 0 0 
0.5373 0.843391 0 0 0 
0.530231 0.79526 0 0 0 
0.523151 0.747137 0 0 0 
0.516059 0.699021 0 0 0 
0.573576 0.819152 0 0 0 
0.56595 0.770249 0 0 0 
0.558302 0.721362 0 0 0 
0.608761 0.793353 0 0 0 
0.600545 0.743703 0 0 0 
0.642788 0.766044 0 0 0 
1 2 6
2 7 6
2 3 7
3 8 7
3 4 8
4 9 8
4 5 9
6 7 10
7 11 10
7 8 11
8 12 11
8 9 12
10 11 13
11 14 13
11 12 14
13 14 15
ZONE N=15, E=16, F=FEPOINT, ET=TRIANGLE
0.473816 0.67668 0 0 0 
0.524804 0.626154 0 0 0 
0.575792 0.575629 0 0 0 
0.62678 0.525103 0 0 0 
0.677767 0.474578 0 0 0 
0.516059 0.699021 0 0 0 
0.567047 0.648495 0 0 0 
0.618035 0.59797 0 0 0 
0.669022 0.547445 0 0 0 
0.558302 0.721362 0 0 0 
0.60929 0.670837 0 0 0 
0.660278 0.620311 0 0 0 
0.600545 0.743703 0 0 0 
0.651533 0.693178 0 0 0 
0.642788 0.766044 0 0 0 
1 2 6
2 7 6
2 3 7
3 8 7
3 4 8
4 9 8
4 5 9
6 7 10
7 11 10
7 8 11
8 12 11
8 9 12
10 11 13
11 14 13
11 12 14
13 14 15
ZONE N=15, E=16, F=FEPOINT, ET=TRIANGLE
0.766044 0.642788 0 0 0 
0.743975 0.600735 0 0 0 
0.721906 0.558683 0 0 0 
0.699837 0.51663 0 0 0 
0.677767 0.474578 0 0 0 
0.793353 0.608761 0 0 0 
0.770521 0.566141 0 0 0 
0.74768 0.523531 0 0 0 
0.724832 0.480933 0 0 0 
0.819152 0.573576 0 0 0 
0.795532 0.530421 0 0 0 
0.771896 0.487289 0 0 0 
0.843391 0.5373 0 0 0 
0.818961 0.493644 0 0 0 
0.866025 0.5 0 0 0 
1 2 6
2 7 6
2 3 7
3 8 7
3 4 8
4 9 8
4 5 9
6 7 10
7 11 10
7 8 11
8 12 11
8 9 12
10 11 13
11 14 13
11 12 14
13 14 15
ZONE N=15, E=16, F=FEPOINT, ET=TRIANGLE
0.213804 0.797926 0 0 0 
0.245858 0.833367 0 0 0 
0.277912 0.868809 0 0 0 
0.309966 0.904251 0 0 0 
0.34202 0.939693 0 0 0 
0.203765 0.844646 0 0 0 
0.236065 0.881007 0 0 0 
0.268379 0.917364 0 0 0 
0.300706 0.953717 0 0 0 
0.193726 0.891367 0 0 0 
0.226259 0.92865 0 0 0 
0.258819 0.965926 0 0 0 
0.183687 0.938087 0 0 0 
0.21644 0.976296 0 0 0 
0.173648 0.984808 0 0 0 
1 2 6
2 7 6
2 3 7
3 8 7
3 4 8
4 9 8
4 5 9
6 7 10
7 11 10
7 8 11
8 12 11
8 9 12
10 11 13
11 14 13
11 12 14
13 14 15
ZONE N=15, E=16, F=FEPOINT, ET=TRIANGLE
0.939693 0.34202 0 0 0 
0.92388 0.382683 0 0 0 
0.906308 0.422618 0 0 0 
0.887011 0.461749 0 0 0 
0.866025 0.5 0 0 0 
0.874211 0.37516 0 0 0 
0.857525 0.415446 0 0 0 
0.839096 0.454966 0 0 0 
0.818961 0.493644 0 0 0 
0.80873 0.408299 0 0 0 
0.791175 0.448196 0 0 0 
0.771896 0.487289 0 0 0 
0.743249 0.441438 0 0 0 
0.724832 0.480933 0 0 0 
0.677767 0.474578 0 0 0 
1 2 6
2 7 6
2 3 7
3 8 7
3 4 8
4 9 8
4 5 9
6 7 10
7 11 10
7 8 11
8 12 11
8 9 12
10 11 13
11 14 13
11 12 14
13 14 15
ZONE N=15, E=16, F=FEPOINT, ET=TRIANGLE
0.984808 0.173648 0 0 0 
0.976296 0.21644 0 0 0 
0.965926 0.258819 0 0 0 
0.953717 0.300706 0 0 0 
0.939693 0.34202 0 0 0 
0.938408 0.183773 0 0 0 
0.92897 0.226345 0 0 0 
0.917684 0.268465 0 0 0 
0.904572 0.310052 0 0 0 
0.892008 0.193898 0 0 0 
0.881648 0.236237 0 0 0 
0.86945 0.278084 0 0 0 
0.845608 0.204022 0 0 0 
0.834329 0.246115 0 0 0 
0.799208 0.214147 0 0 0 
1 2 6
2 7 6
2 3 7
3 8 7
3 4 8
4 9 8
4 5 9
6 7 10
7 11 10
7 8 11
8 12 11
8 9 12
10 11 13
11 14 13
11 12 14
13 14 15
ZONE N=15, E=16, F=FEPOINT, ET=TRIANGLE
0.213804 0.797926 0 0 0 
0.278807 0.767614 0 0 0 
0.34381 0.737303 0 0 0 
0.408813 0.706991 0 0 0 
0.473816 0.67668 0 0 0 
0.285353 0.814951 0 0 0 
0.350356 0.784639 0 0 0 
0.415359 0.754328 0 0 0 
0.480362 0.724016 0 0 0 
0.356902 0.831976 0 0 0 
0.421905 0.801664 0 0 0 
0.486908 0.771353 0 0 0 
0.428451 0.849 0 0 0 
0.493454 0.818689 0 0 0 
0.5 0.866025 0 0 0 
1 2 6
2 7 6
2 3 7
3 8 7
3 4 8
4 9 8
4 5 9
6 7 10
7 11 10
7 8 11
8 12 11
8 9 12
10 11 13
11 14 13
11 12 14
13 14 15
ZONE N=15, E=16, F=FEPOINT, ET=TRIANGLE
-0.705767 0.18911 0 0 0 
-0.775527 0.185244 0 0 0 
-0.845288 0.181379 0 0 0 
-0.915048 0.177514 0 0 0 
-0.984808 0.173648 0 0 0 
-0.716903 0.125421 0 0 0 
-0.786663 0.121556 0 0 0 
-0.856423 0.117691 0 0 0 
-0.926183 0.113825 0 0 0 
-0.728039 0.0617331 0 0 0 
-0.797799 0.0578677 0 0 0 
-0.867559 0.0540023 0 0 0 
-0.739174 -0.00195527 0 0 0 
-0.808934 -0.00582066 0 0 0 
-0.75031 -0.0656436 0 0 0 
1 2 6
2 7 6
2 3 7
3 8 7
3 4 8
4 9 8
4 5 9
6 7 10
7 11 10
7 8 11
8 12 11
8 9 12
10 11 13
11 14 13
11 12 14
13 14 15
ZONE N=15, E=16, F=FEPOINT, ET=TRIANGLE
-0.173648 0.984808 0 0 0 
-0.21644 0.976296 0 0 0 
-0.258819 0.965926 0 0 0 
-0.300706 0.953717 0 0 0 
-0.34202 0.939693 0 0 0 
-0.146643 0.926138 0 0 0 
-0.189215 0.916701 0 0 0 
-0.231335 0.905415 0 0 0 
-0.272922 0.892302 0 0 0 
-0.119638 0.867468 0 0 0 
-0.161977 0.857108 0 0 0 
-0.203824 0.844911 0 0 0 
-0.0926329 0.808799 0 0 0 
-0.134726 0.79752 0 0 0 
-0.0656278 0.750129 0 0 0 
1 2 6
2 7 6
2 3 7
3 8 7
3 4 8
4 9 8
4 5 9
6 7 10
7 11 10
7 8 11
8 12 11
8 9 12
10 11 13
11 14 13
11 12 14
13 14 15
ZONE N=15, E=16, F=FEPOINT, ET=TRIANGLE
-0.642788 0.766044 0 0 0 
-0.67559 0.737277 0 0 0 
-0.707107 0.707107 0 0 0 
-0.737277 0.67559 0 0 0 
-0.766044 0.642788 0 0 0 
-0.600545 0.743703 0 0 0 
-0.632694 0.714244 0 0 0 
-0.663528 0.68341 0 0 0 
-0.692987 0.651261 0 0 0 
-0.558302 0.721362 0 0 0 
-0.589789 0.69122 0 0 0 
-0.61993 0.659734 0 0 0 
-0.516059 0.699021 0 0 0 
-0.546873 0.668207 0 0 0 
-0.473816 0.67668 0 0 0 
1 2 6
2 7 6
2 3 7
3 8 7
3 4 8
4 9 8
4 5 9
6 7 10
7 11 10
7 8 11
8 12 11
8 9 12
10 11 13
11 14 13
11 12 14
13 14 15
ZONE N=15, E=16, F=FEPOINT, ET=TRIANGLE
0.175867 -0.22497 0 0 0 
0.1319 -0.168727 0 0 0 
0.0879336 -0.112485 0 0 0 
0.0439668 -0.0562425 0 0 0 
3.33067e-16 0 0 0 0 
0.122459 -0.27234 0 0 0 
0.0784927 -0.216097 0 0 0 
0.0345259 -0.159855 0 0 0 
-0.00944093 -0.103612 0 0 0 
0.0690517 -0.31971 0 0 0 
0.0250849 -0.263467 0 0 0 
-0.0188819 -0.207225 0 0 0 
0.015644 -0.36708 0 0 0 
-0.0283228 -0.310837 0 0 0 
-0.0377637 -0.41445 0 0 0 
1 2 6
2 7 6
2 3 7
3 8 7
3 4 8
4 9 8
4 5 9
6 7 10
7 11 10
7 8 11
8 12 11
8 9 12
10 11 13
11 14 13
11 12 14
13 14 15
ZONE N=15, E=16, F=FEPOINT, ET=TRIANGLE
0.584122 -0.584122 0 0 0 
0.629603 -0.598789 0 0 0 
0.675083 -0.613455 0 0 0 
0.720564 -0.628121 0 0 0 
0.766044 -0.642788 0 0 0 
0.628985 -0.527107 0 0 0 
0.674466 -0.541773 0 0 0 
0.719947 -0.55644 0 0 0 
0.765427 -0.571106 0 0 0 
0.673849 -0.470092 0 0 0 
0.719329 -0.484758 0 0 0 
0.76481 -0.499424 0 0 0 
0.718712 -0.413076 0 0 0 
0.764193 -0.427743 0 0 0 
0.763575 -0.356061 0 0 0 
1 2 6
2 7 6
2 3 7
3 8 7
3 4 8
4 9 8
4 5 9
6 7 10
7 11 10
7 8 11
8 12 11
8 9 12
10 11 13
11 14 13
11 12 14
13 14 15
ZONE N=15, E=16, F=FEPOINT, ET=TRIANGLE
0.173648 0.984808 0 0 0 
0.130526 0.991445 0 0 0 
0.0871557 0.996195 0 0 0 
0.0436194 0.999048 0 0 0 
5.55112e-17 1 0 0 0 
0.183687 0.938087 0 0 0 
0.140455 0.943779 0 0 0 
0.097015 0.94758 0 0 0 
0.0534509 0.949481 0 0 0 
0.193726 0.891367 0 0 0 
0.150397 0.896112 0 0 0 
0.106902 0.898963 0 0 0 
0.203765 0.844646 0 0 0 
0.160353 0.848444 0 0 0 
0.213804 0.797926 0 0 0 
1 2 6
2 7 6
2 3 7
3 8 7
3 4 8
4 9 8
4 5 9
6 7 10
7 11 10
7 8 11
8 12 11
8 9 12
10 11 13
11 14 13
11 12 14
13 14 15
ZONE N=15, E=16, F=FEPOINT, ET=TRIANGLE
0.625856 0.291842 0 0 0 
0.594392 0.218881 0 0 0 
0.562928 0.145921 0 0 0 
0.531464 0.0729604 0 0 0 
0.5 0 0 0 0 
0.669194 0.272418 0 0 0 
0.63773 0.199458 0 0 0 
0.606266 0.126497 0 0 0 
0.574802 0.0535368 0 0 0 
0.712532 0.252994 0 0 0 
0.681068 0.180034 0 0 0 
0.649604 0.107074 0 0 0 
0.75587 0.233571 0 0 0 
0.724406 0.16061 0 0 0 
0.799208 0.214147 0 0 0 
1 2 6
2 7 6
2 3 7
3 8 7
3 4 8
4 9 8
4 5 9
6 7 10
7 11 10
7 8 11
8 12 11
8 9 12
10 11 13
11 14 13
11 12 14
13 14 15
ZONE N=15, E=16, F=FEPOINT, ET=TRIANGLE
0.799208 0.214147 0 0 0 
0.809233 0.142253 0 0 0 
0.819257 0.0703587 0 0 0 
0.829282 -0.00153552 0 0 0 
0.839306 -0.0734298 0 0 0 
0.845608 0.204022 0 0 0 
0.855633 0.132128 0 0 0 
0.865657 0.060234 0 0 0 
0.875681 -0.0116603 0 0 0 
0.892008 0.193898 0 0 0 
0.902032 0.122003 0 0 0 
0.912057 0.0501092 0 0 0 
0.938408 0.183773 0 0 0 
0.948432 0.111879 0 0 0 
0.984808 0.173648 0 0 0 
1 2 6
2 7 6
2 3 7
3 8 7
3 4 8
4 9 8
4 5 9
6 7 10
7 11 10
7 8 11
8 12 11
8 9 12
10 11 13
11 14 13
11 12 14
13 14 15
ZONE N=15, E=16, F=FEPOINT, ET=TRIANGLE
0.766044 0.642788 0 0 0 
0.737277 0.67559 0 0 0 
0.707107 0.707107 0 0 0 
0.67559 0.737277 0 0 0 
0.642788 0.766044 0 0 0 
0.743975 0.600735 0 0 0 
0.714516 0.632885 0 0 0 
0.683682 0.663719 0 0 0 
0.651533 0.693178 0 0 0 
0.721906 0.558683 0 0 0 
0.691764 0.59017 0 0 0 
0.660278 0.620311 0 0 0 
0.699837 0.51663 0 0 0 
0.669022 0.547445 0 0 0 
0.677767 0.474578 0 0 0 
1 2 6
2 7 6
2 3 7
3 8 7
3 4 8
4 9 8
4 5 9
6 7 10
7 11 10
7 8 11
8 12 11
8 9 12
10 11 13
11 14 13
11 12 14
13 14 15
ZONE N=15, E=16, F=FEPOINT, ET=TRIANGLE
0.518132 -0.347564 0 0 0 
0.565041 -0.30795 0 0 0 
0.61195 -0.268337 0 0 0 
0.658858 -0.228723 0 0 0 
0.705767 -0.18911 0 0 0 
0.513599 -0.260673 0 0 0 
0.560508 -0.221059 0 0 0 
0.607417 -0.181446 0 0 0 
0.654325 -0.141832 0 0 0 
0.509066 -0.173782 0 0 0 
0.555975 -0.134168 0 0 0 
0.602884 -0.0945549 0 0 0 
0.504533 -0.0868909 0 0 0 
0.551442 -0.0472774 0 0 0 
0.5 0 0 0 0 
1 2 6
2 7 6
2 3 7
3 8 7
3 4 8
4 9 8
4 5 9
6 7 10
7 11 10
7 8 11
8 12 11
8 9 12
10 11 13
11 14 13
11 12 14
13 14 15
ZONE N=15, E=16, F=FEPOINT, ET=TRIANGLE
3.33067e-16 0 0 0 0 
0.0439668 -0.0562425 0 0 0 
0.0879336 -0.112485 0 0 0 
0.1319 -0.168727 0 0 0 
0.175867 -0.22497 0 0 0 
0.125 0 0 0 0 
0.168967 -0.0562425 0 0 0 
0.212934 -0.112485 0 0 0 
0.2569 -0.168727 0 0 0 
0.25 0 0 0 0 
0.293967 -0.0562425 0 0 0 
0.337934 -0.112485 0 0 0 
0.375 0 0 0 0 
0.418967 -0.0562425 0 0 0 
0.5 0 0 0 0 
1 2 6
2 7 6
2 3 7
3 8 7
3 4 8
4 9 8
4 5 9
6 7 10
7 11 10
7 8 11
8 12 11
8 9 12
10 11 13
11 14 13
11 12 14
13 14 15
ZONE N=15, E=16, F=FEPOINT, ET=TRIANGLE
-0.625856 -0.291842 0 0 0 
-0.57154 -0.272001 0 0 0 
-0.517223 -0.25216 0 0 0 
-0.462906 -0.232319 0 0 0 
-0.40859 -0.212479 0 0 0 
-0.594392 -0.218881 0 0 0 
-0.540076 -0.19904 0 0 0 
-0.485759 -0.1792 0 0 0 
-0.431442 -0.159359 0 0 0 
-0.562928 -0.145921 0 0 0 
-0.508612 -0.12608 0 0 0 
-0.454295 -0.106239 0 0 0 
-0.531464 -0.0729604 0 0 0 
-0.477147 -0.0531197 0 0 0 
-0.5 0 0 0 0 
1 2 6
2 7 6
2 3 7
3 8 7
3 4 8
4 9 8
4 5 9
6 7 10
7 11 10
7 8 11
8 12 11
8 9 12
10 11 13
11 14 13
11 12 14
13 14 15
ZONE N=15, E=16, F=FEPOINT, ET=TRIANGLE
0.443115 0.442098 0 0 0 
0.457337 0.331573 0 0 0 
0.471558 0.221049 0 0 0 
0.485779 0.110524 0 0 0 
0.5 0 0 0 0 
0.488801 0.404534 0 0 0 
0.503022 0.294009 0 0 0 
0.517243 0.183485 0 0 0 
0.531464 0.0729604 0 0 0 
0.534486 0.36697 0 0 0 
0.548707 0.256445 0 0 0 
0.562928 0.145921 0 0 0 
0.580171 0.329406 0 0 0 
0.594392 0.218881 0 0 0 
0.625856 0.291842 0 0 0 
1 2 6
2 7 6
2 3 7
3 8 7
3 4 8
4 9 8
4 5 9
6 7 10
7 11 10
7 8 11
8 12 11
8 9 12
10 11 13
11 14 13
11 12 14
13 14 15
ZONE N=15, E=16, F=FEPOINT, ET=TRIANGLE
-0.5 0 0 0 0 
-0.477147 -0.0531197 0 0 0 
-0.454295 -0.106239 0 0 0 
-0.431442 -0.159359 0 0 0 
-0.40859 -0.212479 0 0 0 
-0.4375 0 0 0 0 
-0.414647 -0.0531197 0 0 0 
-0.391795 -0.106239 0 0 0 
-0.368942 -0.159359 0 0 0 
-0.375 0 0 0 0 
-0.352147 -0.0531197 0 0 0 
-0.329295 -0.106239 0 0 0 
-0.3125 1.38778e-17 0 0 0 
-0.289647 -0.0531197 0 0 0 
-0.25 0 0 0 0 
1 2 6
2 7 6
2 3 7
3 8 7
3 4 8
4 9 8
4 5 9
6 7 10
7 11 10
7 8 11
8 12 11
8 9 12
10 11 13
11 14 13
11 12 14
13 14 15
ZONE N=15, E=16, F=FEPOINT, ET=TRIANGLE
-0.40859 -0.212479 0 0 0 
-0.315883 -0.262972 0 0 0 
-0.223177 -0.313464 0 0 0 
-0.13047 -0.363957 0 0 0 
-0.0377637 -0.41445 0 0 0 
-0.368942 -0.159359 0 0 0 
-0.276236 -0.209852 0 0 0 
-0.183529 -0.260344 0 0 0 
-0.0908228 -0.310837 0 0 0 
-0.329295 -0.106239 0 0 0 
-0.236588 -0.156732 0 0 0 
-0.143882 -0.207225 0 0 0 
-0.289647 -0.0531197 0 0 0 
-0.196941 -0.103612 0 0 0 
-0.25 0 0 0 0 
1 2 6
2 7 6
2 3 7
3 8 7
3 4 8
4 9 8
4 5 9
6 7 10
7 11 10
7 8 11
8 12 11
8 9 12
10 11 13
11 14 13
11 12 14
13 14 15
ZONE N=15, E=16, F=FEPOINT, ET=TRIANGLE
-0.459251 0.242666 0 0 0 
-0.469439 0.181999 0 0 0 
-0.479626 0.121333 0 0 0 
-0.489813 0.0606664 0 0 0 
-0.5 0 0 0 0 
-0.406939 0.181999 0 0 0 
-0.417126 0.121333 0 0 0 
-0.427313 0.0606664 0 0 0 
-0.4375 -1.38778e-17 0 0 0 
-0.354626 0.121333 0 0 0 
-0.364813 0.0606664 0 0 0 
-0.375 0 0 0 0 
-0.302313 0.0606664 0 0 0 
-0.3125 0 0 0 0 
-0.25 0 0 0 0 
1 2 6
2 7 6
2 3 7
3 8 7
3 4 8
4 9 8
4 5 9
6 7 10
7 11 10
7 8 11
8 12 11
8 9 12
10 11 13
11 14 13
11 12 14
13 14 15
ZONE N=15, E=16, F=FEPOINT, ET=TRIANGLE
-0.25 0 0 0 0 
-0.21875 0.0634154 0 0 0 
-0.1875 0.126831 0 0 0 
-0.15625 0.190246 0 0 0 
-0.125 0.253662 0 0 0 
-0.302313 0.0606664 0 0 0 
-0.271063 0.124082 0 0 0 
-0.239813 0.187497 0 0 0 
-0.208563 0.250913 0 0 0 
-0.354626 0.121333 0 0 0 
-0.323376 0.184748 0 0 0 
-0.292126 0.248164 0 0 0 
-0.406939 0.181999 0 0 0 
-0.375689 0.245415 0 0 0 
-0.459251 0.242666 0 0 0 
1 2 6
2 7 6
2 3 7
3 8 7
3 4 8
4 9 8
4 5 9
6 7 10
7 11 10
7 8 11
8 12 11
8 9 12
10 11 13
11 14 13
11 12 14
13 14 15
ZONE N=15, E=16, F=FEPOINT, ET=TRIANGLE
3.33067e-16 0 0 0 0 
0.125 0 0 0 0 
0.25 0 0 0 0 
0.375 0 0 0 0 
0.5 0 0 0 0 
0.04159 0.0907768 0 0 0 
0.16659 0.0907768 0 0 0 
0.29159 0.0907768 0 0 0 
0.41659 0.0907768 0 0 0 
0.08318 0.181554 0 0 0 
0.20818 0.181554 0 0 0 
0.33318 0.181554 0 0 0 
0.12477 0.27233 0 0 0 
0.24977 0.27233 0 0 0 
0.16636 0.363107 0 0 0 
1 2 6
2 7 6
2 3 7
3 8 7
3 4 8
4 9 8
4 5 9
6 7 10
7 11 10
7 8 11
8 12 11
8 9 12
10 11 13
11 14 13
11 12 14
13 14 15
ZONE N=15, E=16, F=FEPOINT, ET=TRIANGLE
3.33067e-16 0 0 0 0 
-0.03125 0.0634154 0 0 0 
-0.0625 0.126831 0 0 0 
-0.09375 0.190246 0 0 0 
-0.125 0.253662 0 0 0 
-0.0625 0 0 0 0 
-0.09375 0.0634154 0 0 0 
-0.125 0.126831 0 0 0 
-0.15625 0.190246 0 0 0 
-0.125 0 0 0 0 
-0.15625 0.0634154 0 0 0 
-0.1875 0.126831 0 0 0 
-0.1875 1.38778e-17 0 0 0 
-0.21875 0.0634154 0 0 0 
-0.25 0 0 0 0 
1 2 6
2 7 6
2 3 7
3 8 7
3 4 8
4 9 8
4 5 9
6 7 10
7 11 10
7 8 11
8 12 11
8 9 12
10 11 13
11 14 13
11 12 14
13 14 15
ZONE N=15, E=16, F=FEPOINT, ET=TRIANGLE
3.33067e-16 0 0 0 0 
-0.0625 2.77556e-17 0 0 0 
-0.125 0 0 0 0 
-0.1875 0 0 0 0 
-0.25 0 0 0 0 
-0.00944093 -0.103612 0 0 0 
-0.0719409 -0.103612 0 0 0 
-0.134441 -0.103612 0 0 0 
-0.196941 -0.103612 0 0 0 
-0.0188819 -0.207225 0 0 0 
-0.0813819 -0.207225 0 0 0 
-0.143882 -0.207225 0 0 0 
-0.0283228 -0.310837 0 0 0 
-0.0908228 -0.310837 0 0 0 
-0.0377637 -0.41445 0 0 0 
1 2 6
2 7 6
2 3 7
3 8 7
3 4 8
4 9 8
4 5 9
6 7 10
7 11 10
7 8 11
8 12 11
8 9 12
10 11 13
11 14 13
11 12 14
13 14 15
ZONE N=15, E=16, F=FEPOINT, ET=TRIANGLE
0.518132 -0.347564 0 0 0 
0.513599 -0.260673 0 0 0 
0.509066 -0.173782 0 0 0 
0.504533 -0.0868909 0 0 0 
0.5 0 0 0 0 
0.432566 -0.316915 0 0 0 
0.428033 -0.230024 0 0 0 
0.4235 -0.143133 0 0 0 
0.418967 -0.0562425 0 0 0 
0.347 -0.286267 0 0 0 
0.342467 -0.199376 0 0 0 
0.337934 -0.112485 0 0 0 
0.261433 -0.255618 0 0 0 
0.2569 -0.168727 0 0 0 
0.175867 -0.22497 0 0 0 
1 2 6
2 7 6
2 3 7
3 8 7
3 4 8
4 9 8
4 5 9
6 7 10
7 11 10
7 8 11
8 12 11
8 9 12
10 11 13
11 14 13
11 12 14
13 14 15
ZONE N=15, E=16, F=FEPOINT, ET=TRIANGLE
3.33067e-16 0 0 0 0 
0.04159 0.0907768 0 0 0 
0.08318 0.181554 0 0 0 
0.12477 0.27233 0 0 0 
0.16636 0.363107 0 0 0 
-0.03125 0.0634154 0 0 0 
0.01034 0.154192 0 0 0 
0.05193 0.244969 0 0 0 
0.09352 0.335746 0 0 0 
-0.0625 0.126831 0 0 0 
-0.02091 0.217608 0 0 0 
0.02068 0.308384 0 0 0 
-0.09375 0.190246 0 0 0 
-0.05216 0.281023 0 0 0 
-0.125 0.253662 0 0 0 
1 2 6
2 7 6
2 3 7
3 8 7
3 4 8
4 9 8
4 5 9
6 7 10
7 11 10
7 8 11
8 12 11
8 9 12
10 11 13
11 14 13
11 12 14
13 14 15
