ZONE N=15, E=16, F=FEPOINT, ET=TRIANGLE
0.384806 0.815928 0 0 0 0 
0.419229 0.825106 0 0 0 0 
0.453652 0.834284 0 0 0 0 
0.488075 0.843462 0 0 0 0 
0.522499 0.85264 0 0 0 0 
0.402102 0.834698 0 0 0 0 
0.436619 0.844044 0 0 0 0 
0.471138 0.853389 0 0 0 0 
0.505657 0.862734 0 0 0 0 
0.419398 0.853467 0 0 0 0 
0.454009 0.862982 0 0 0 0 
0.488621 0.872496 0 0 0 0 
0.436694 0.872237 0 0 0 0 
0.471397 0.881921 0 0 0 0 
0.45399 0.891007 0 0 0 0 
1 2 6
2 7 6
2 3 7
3 8 7
3 4 8
4 9 8
4 5 9
6 7 10
7 11 10
7 8 11
8 12 11
8 9 12
10 11 13
11 14 13
11 12 14
13 14 15
ZONE N=15, E=16, F=FEPOINT, ET=TRIANGLE
1 -2.498e-16 0 0 0 0 
0.999229 0.0392598 0 0 0 0 
0.996917 0.0784591 0 0 0 0 
0.993068 0.117537 0 0 0 0 
0.987688 0.156434 0 0 0 0 
0.970002 0.0173145 0 0 0 0 
0.968461 0.056534 0 0 0 0 
0.965382 0.0956627 0 0 0 0 
0.960768 0.13464 0 0 0 0 
0.940004 0.034629 0 0 0 0 
0.937694 0.0737981 0 0 0 0 
0.933848 0.112846 0 0 0 0 
0.910005 0.0519436 0 0 0 0 
0.906928 0.0910522 0 0 0 0 
0.880007 0.0692581 0 0 0 0 
1 2 6
2 7 6
2 3 7
3 8 7
3 4 8
4 9 8
4 5 9
6 7 10
7 11 10
7 8 11
8 12 11
8 9 12
10 11 13
11 14 13
11 12 14
13 14 15
ZONE N=15, E=16, F=FEPOINT, ET=TRIANGLE
0.862531 0.200937 0 0 0 0 
0.89382 0.189812 0 0 0 0 
0.92511 0.178686 0 0 0 0 
0.956399 0.16756 0 0 0 0 
0.987688 0.156434 0 0 0 0 
0.884662 0.227957 0 0 0 0 
0.916701 0.217011 0 0 0 0 
0.948742 0.206056 0 0 0 0 
0.980785 0.19509 0 0 0 0 
0.906794 0.254977 0 0 0 0 
0.939579 0.244221 0 0 0 0 
0.97237 0.233445 0 0 0 0 
0.928925 0.281997 0 0 0 0 
0.962455 0.27144 0 0 0 0 
0.951057 0.309017 0 0 0 0 
1 2 6
2 7 6
2 3 7
3 8 7
3 4 8
4 9 8
4 5 9
6 7 10
7 11 10
7 8 11
8 12 11
8 9 12
10 11 13
11 14 13
11 12 14
13 14 15
ZONE N=15, E=16, F=FEPOINT, ET=TRIANGLE
0.808983 0.335092 0 0 0 0 
0.844501 0.328573 0 0 0 0 
0.88002 0.322054 0 0 0 0 
0.915538 0.315536 0 0 0 0 
0.951057 0.309017 0 0 0 0 
0.829489 0.364816 0 0 0 0 
0.865719 0.358593 0 0 0 0 
0.901953 0.35236 0 0 0 0 
0.938191 0.346117 0 0 0 0 
0.849995 0.394541 0 0 0 0 
0.886933 0.388622 0 0 0 0 
0.92388 0.382683 0 0 0 0 
0.870501 0.424266 0 0 0 0 
0.908143 0.41866 0 0 0 0 
0.891007 0.45399 0 0 0 0 
1 2 6
2 7 6
2 3 7
3 8 7
3 4 8
4 9 8
4 5 9
6 7 10
7 11 10
7 8 11
8 12 11
8 9 12
10 11 13
11 14 13
11 12 14
13 14 15
ZONE N=15, E=16, F=FEPOINT, ET=TRIANGLE
0.809017 0.587785 0 0 0 0 
0.795016 0.5562 0 0 0 0 
0.781014 0.524616 0 0 0 0 
0.767013 0.493031 0 0 0 0 
0.753011 0.461446 0 0 0 0 
0.83147 0.55557 0 0 0 0 
0.816822 0.523566 0 0 0 0 
0.802169 0.49157 0 0 0 0 
0.78751 0.459582 0 0 0 0 
0.85264 0.522499 0 0 0 0 
0.83733 0.4901 0 0 0 0 
0.822009 0.457718 0 0 0 0 
0.872496 0.488621 0 0 0 0 
0.856508 0.455854 0 0 0 0 
0.891007 0.45399 0 0 0 0 
1 2 6
2 7 6
2 3 7
3 8 7
3 4 8
4 9 8
4 5 9
6 7 10
7 11 10
7 8 11
8 12 11
8 9 12
10 11 13
11 14 13
11 12 14
13 14 15
ZONE N=15, E=16, F=FEPOINT, ET=TRIANGLE
0.671228 0.573283 0 0 0 0 
0.705675 0.576909 0 0 0 0 
0.740123 0.580534 0 0 0 0 
0.77457 0.58416 0 0 0 0 
0.809017 0.587785 0 0 0 0 
0.680198 0.606739 0 0 0 0 
0.715231 0.610865 0 0 0 0 
0.750271 0.614983 0 0 0 0 
0.785317 0.619094 0 0 0 0 
0.689168 0.640195 0 0 0 0 
0.72478 0.644829 0 0 0 0 
0.760406 0.649448 0 0 0 0 
0.698137 0.673651 0 0 0 0 
0.734323 0.678801 0 0 0 0 
0.707107 0.707107 0 0 0 0 
1 2 6
2 7 6
2 3 7
3 8 7
3 4 8
4 9 8
4 5 9
6 7 10
7 11 10
7 8 11
8 12 11
8 9 12
10 11 13
11 14 13
11 12 14
13 14 15
ZONE N=15, E=16, F=FEPOINT, ET=TRIANGLE
0.587785 0.809017 0 0 0 0 
0.585619 0.776279 0 0 0 0 
0.583454 0.743541 0 0 0 0 
0.581288 0.710803 0 0 0 0 
0.579122 0.678065 0 0 0 0 
0.619094 0.785317 0 0 0 0 
0.616443 0.75198 0 0 0 0 
0.613785 0.718649 0 0 0 0 
0.611118 0.685325 0 0 0 0 
0.649448 0.760406 0 0 0 0 
0.646289 0.726489 0 0 0 0 
0.643114 0.692586 0 0 0 0 
0.678801 0.734323 0 0 0 0 
0.675111 0.699846 0 0 0 0 
0.707107 0.707107 0 0 0 0 
1 2 6
2 7 6
2 3 7
3 8 7
3 4 8
4 9 8
4 5 9
6 7 10
7 11 10
7 8 11
8 12 11
8 9 12
10 11 13
11 14 13
11 12 14
13 14 15
ZONE N=15, E=16, F=FEPOINT, ET=TRIANGLE
0.0381143 0.882669 0 0 0 0 
0.0676943 0.908924 0 0 0 0 
0.0972744 0.935179 0 0 0 0 
0.126854 0.961433 0 0 0 0 
0.156434 0.987688 0 0 0 0 
0.0285857 0.912002 0 0 0 0 
0.0582262 0.939025 0 0 0 0 
0.0878768 0.966047 0 0 0 0 
0.117537 0.993068 0 0 0 0 
0.0190571 0.941334 0 0 0 0 
0.0487481 0.969127 0 0 0 0 
0.0784591 0.996917 0 0 0 0 
0.00952857 0.970667 0 0 0 0 
0.0392598 0.999229 0 0 0 0 
6.245e-17 1 0 0 0 0 
1 2 6
2 7 6
2 3 7
3 8 7
3 4 8
4 9 8
4 5 9
6 7 10
7 11 10
7 8 11
8 12 11
8 9 12
10 11 13
11 14 13
11 12 14
13 14 15
ZONE N=15, E=16, F=FEPOINT, ET=TRIANGLE
0.309017 0.951057 0 0 0 0 
0.27144 0.962455 0 0 0 0 
0.233445 0.97237 0 0 0 0 
0.19509 0.980785 0 0 0 0 
0.156434 0.987688 0 0 0 0 
0.287519 0.925827 0 0 0 0 
0.249743 0.936481 0 0 0 0 
0.211577 0.945644 0 0 0 0 
0.173082 0.953301 0 0 0 0 
0.26602 0.900598 0 0 0 0 
0.228054 0.910505 0 0 0 0 
0.189729 0.918914 0 0 0 0 
0.244522 0.875368 0 0 0 0 
0.206376 0.884526 0 0 0 0 
0.223023 0.850139 0 0 0 0 
1 2 6
2 7 6
2 3 7
3 8 7
3 4 8
4 9 8
4 5 9
6 7 10
7 11 10
7 8 11
8 12 11
8 9 12
10 11 13
11 14 13
11 12 14
13 14 15
ZONE N=15, E=16, F=FEPOINT, ET=TRIANGLE
0.45399 0.891007 0 0 0 0 
0.41866 0.908143 0 0 0 0 
0.382683 0.92388 0 0 0 0 
0.346117 0.938191 0 0 0 0 
0.309017 0.951057 0 0 0 0 
0.436694 0.872237 0 0 0 0 
0.40105 0.888669 0 0 0 0 
0.364788 0.90369 0 0 0 0 
0.327964 0.917274 0 0 0 0 
0.419398 0.853467 0 0 0 0 
0.38345 0.869192 0 0 0 0 
0.346911 0.883492 0 0 0 0 
0.402102 0.834698 0 0 0 0 
0.365858 0.84971 0 0 0 0 
0.384806 0.815928 0 0 0 0 
1 2 6
2 7 6
2 3 7
3 8 7
3 4 8
4 9 8
4 5 9
6 7 10
7 11 10
7 8 11
8 12 11
8 9 12
10 11 13
11 14 13
11 12 14
13 14 15
ZONE N=15, E=16, F=FEPOINT, ET=TRIANGLE
0.522499 0.85264 0 0 0 0 
0.505373 0.824694 0 0 0 0 
0.488248 0.796748 0 0 0 0 
0.471122 0.768802 0 0 0 0 
0.453997 0.740855 0 0 0 0 
0.539138 0.842217 0 0 0 0 
0.521908 0.814109 0 0 0 0 
0.504676 0.786002 0 0 0 0 
0.487444 0.757896 0 0 0 0 
0.55557 0.83147 0 0 0 0 
0.538232 0.803202 0 0 0 0 
0.520891 0.774936 0 0 0 0 
0.571788 0.820401 0 0 0 0 
0.554338 0.791977 0 0 0 0 
0.587785 0.809017 0 0 0 0 
1 2 6
2 7 6
2 3 7
3 8 7
3 4 8
4 9 8
4 5 9
6 7 10
7 11 10
7 8 11
8 12 11
8 9 12
10 11 13
11 14 13
11 12 14
13 14 15
ZONE N=15, E=16, F=FEPOINT, ET=TRIANGLE
-0.714969 0.610641 0 0 0 0 
-0.713003 0.634757 0 0 0 0 
-0.711038 0.658874 0 0 0 0 
-0.709072 0.68299 0 0 0 0 
-0.707107 0.707107 0 0 0 0 
-0.738481 0.604927 0 0 0 0 
-0.737101 0.629544 0 0 0 0 
-0.735715 0.654169 0 0 0 0 
-0.734323 0.678801 0 0 0 0 
-0.761993 0.599213 0 0 0 0 
-0.761206 0.624323 0 0 0 0 
-0.760406 0.649448 0 0 0 0 
-0.785505 0.593499 0 0 0 0 
-0.785317 0.619094 0 0 0 0 
-0.809017 0.587785 0 0 0 0 
1 2 6
2 7 6
2 3 7
3 8 7
3 4 8
4 9 8
4 5 9
6 7 10
7 11 10
7 8 11
8 12 11
8 9 12
10 11 13
11 14 13
11 12 14
13 14 15
ZONE N=15, E=16, F=FEPOINT, ET=TRIANGLE
-0.951057 0.309017 0 0 0 0 
-0.962455 0.27144 0 0 0 0 
-0.97237 0.233445 0 0 0 0 
-0.980785 0.19509 0 0 0 0 
-0.987688 0.156434 0 0 0 0 
-0.926556 0.282963 0 0 0 0 
-0.937211 0.245187 0 0 0 0 
-0.946373 0.207022 0 0 0 0 
-0.95403 0.168526 0 0 0 0 
-0.902056 0.256909 0 0 0 0 
-0.911964 0.218943 0 0 0 0 
-0.920372 0.180618 0 0 0 0 
-0.877556 0.230855 0 0 0 0 
-0.886714 0.192709 0 0 0 0 
-0.853056 0.204801 0 0 0 0 
1 2 6
2 7 6
2 3 7
3 8 7
3 4 8
4 9 8
4 5 9
6 7 10
7 11 10
7 8 11
8 12 11
8 9 12
10 11 13
11 14 13
11 12 14
13 14 15
ZONE N=15, E=16, F=FEPOINT, ET=TRIANGLE
-0.891007 0.45399 0 0 0 0 
-0.908143 0.41866 0 0 0 0 
-0.92388 0.382683 0 0 0 0 
-0.938191 0.346117 0 0 0 0 
-0.951057 0.309017 0 0 0 0 
-0.879392 0.41824 0 0 0 0 
-0.895824 0.382596 0 0 0 0 
-0.910844 0.346334 0 0 0 0 
-0.924429 0.30951 0 0 0 0 
-0.867776 0.38249 0 0 0 0 
-0.883501 0.346541 0 0 0 0 
-0.897801 0.310003 0 0 0 0 
-0.856161 0.346739 0 0 0 0 
-0.871174 0.310496 0 0 0 0 
-0.844546 0.310989 0 0 0 0 
1 2 6
2 7 6
2 3 7
3 8 7
3 4 8
4 9 8
4 5 9
6 7 10
7 11 10
7 8 11
8 12 11
8 9 12
10 11 13
11 14 13
11 12 14
13 14 15
ZONE N=15, E=16, F=FEPOINT, ET=TRIANGLE
-0.587785 0.809017 0 0 0 0 
-0.619094 0.785317 0 0 0 0 
-0.649448 0.760406 0 0 0 0 
-0.678801 0.734323 0 0 0 0 
-0.707107 0.707107 0 0 0 0 
-0.59293 0.784839 0 0 0 0 
-0.623754 0.76054 0 0 0 0 
-0.6536 0.735049 0 0 0 0 
-0.682421 0.708406 0 0 0 0 
-0.598075 0.760661 0 0 0 0 
-0.628406 0.735769 0 0 0 0 
-0.657736 0.709706 0 0 0 0 
-0.60322 0.736482 0 0 0 0 
-0.633051 0.711005 0 0 0 0 
-0.608365 0.712304 0 0 0 0 
1 2 6
2 7 6
2 3 7
3 8 7
3 4 8
4 9 8
4 5 9
6 7 10
7 11 10
7 8 11
8 12 11
8 9 12
10 11 13
11 14 13
11 12 14
13 14 15
ZONE N=15, E=16, F=FEPOINT, ET=TRIANGLE
-1 -7.63278e-16 0 0 0 0 
-0.970094 0.0173218 0 0 0 0 
-0.940189 0.0346436 0 0 0 0 
-0.910283 0.0519654 0 0 0 0 
-0.880377 0.0692872 0 0 0 0 
-0.999229 0.0392598 0 0 0 0 
-0.968554 0.0565413 0 0 0 0 
-0.937879 0.0738127 0 0 0 0 
-0.907205 0.091074 0 0 0 0 
-0.996917 0.0784591 0 0 0 0 
-0.965474 0.09567 0 0 0 0 
-0.934033 0.112861 0 0 0 0 
-0.993068 0.117537 0 0 0 0 
-0.960861 0.134648 0 0 0 0 
-0.987688 0.156434 0 0 0 0 
1 2 6
2 7 6
2 3 7
3 8 7
3 4 8
4 9 8
4 5 9
6 7 10
7 11 10
7 8 11
8 12 11
8 9 12
10 11 13
11 14 13
11 12 14
13 14 15
ZONE N=15, E=16, F=FEPOINT, ET=TRIANGLE
-0.793775 0.486426 0 0 0 0 
-0.797586 0.511766 0 0 0 0 
-0.801396 0.537106 0 0 0 0 
-0.805207 0.562445 0 0 0 0 
-0.809017 0.587785 0 0 0 0 
-0.818083 0.478317 0 0 0 0 
-0.82255 0.50406 0 0 0 0 
-0.827013 0.529811 0 0 0 0 
-0.83147 0.55557 0 0 0 0 
-0.842391 0.470208 0 0 0 0 
-0.847521 0.496345 0 0 0 0 
-0.85264 0.522499 0 0 0 0 
-0.866699 0.462099 0 0 0 0 
-0.872496 0.488621 0 0 0 0 
-0.891007 0.45399 0 0 0 0 
1 2 6
2 7 6
2 3 7
3 8 7
3 4 8
4 9 8
4 5 9
6 7 10
7 11 10
7 8 11
8 12 11
8 9 12
10 11 13
11 14 13
11 12 14
13 14 15
ZONE N=15, E=16, F=FEPOINT, ET=TRIANGLE
-0.309017 0.951057 0 0 0 0 
-0.284273 0.932013 0 0 0 0 
-0.259529 0.91297 0 0 0 0 
-0.234785 0.893926 0 0 0 0 
-0.210041 0.874883 0 0 0 0 
-0.27144 0.962455 0 0 0 0 
-0.246497 0.942667 0 0 0 0 
-0.221563 0.922877 0 0 0 0 
-0.196639 0.903084 0 0 0 0 
-0.233445 0.97237 0 0 0 0 
-0.208332 0.95183 0 0 0 0 
-0.183238 0.931286 0 0 0 0 
-0.19509 0.980785 0 0 0 0 
-0.169836 0.959487 0 0 0 0 
-0.156434 0.987688 0 0 0 0 
1 2 6
2 7 6
2 3 7
3 8 7
3 4 8
4 9 8
4 5 9
6 7 10
7 11 10
7 8 11
8 12 11
8 9 12
10 11 13
11 14 13
11 12 14
13 14 15
ZONE N=15, E=16, F=FEPOINT, ET=TRIANGLE
-0.587785 0.809017 0 0 0 0 
-0.563493 0.799165 0 0 0 0 
-0.539201 0.789313 0 0 0 0 
-0.514909 0.779462 0 0 0 0 
-0.490617 0.76961 0 0 0 0 
-0.55557 0.83147 0 0 0 0 
-0.530858 0.820971 0 0 0 0 
-0.506155 0.810468 0 0 0 0 
-0.481461 0.799959 0 0 0 0 
-0.522499 0.85264 0 0 0 0 
-0.497393 0.841479 0 0 0 0 
-0.472304 0.830308 0 0 0 0 
-0.488621 0.872496 0 0 0 0 
-0.463147 0.860657 0 0 0 0 
-0.45399 0.891007 0 0 0 0 
1 2 6
2 7 6
2 3 7
3 8 7
3 4 8
4 9 8
4 5 9
6 7 10
7 11 10
7 8 11
8 12 11
8 9 12
10 11 13
11 14 13
11 12 14
13 14 15
ZONE N=15, E=16, F=FEPOINT, ET=TRIANGLE
-0.309017 0.951057 0 0 0 0 
-0.346117 0.938191 0 0 0 0 
-0.382683 0.92388 0 0 0 0 
-0.41866 0.908143 0 0 0 0 
-0.45399 0.891007 0 0 0 0 
-0.317527 0.924064 0 0 0 0 
-0.354351 0.910479 0 0 0 0 
-0.390613 0.895459 0 0 0 0 
-0.426257 0.879027 0 0 0 0 
-0.326037 0.897072 0 0 0 0 
-0.362575 0.882771 0 0 0 0 
-0.398524 0.867047 0 0 0 0 
-0.334547 0.870079 0 0 0 0 
-0.37079 0.855067 0 0 0 0 
-0.343057 0.843087 0 0 0 0 
1 2 6
2 7 6
2 3 7
3 8 7
3 4 8
4 9 8
4 5 9
6 7 10
7 11 10
7 8 11
8 12 11
8 9 12
10 11 13
11 14 13
11 12 14
13 14 15
ZONE N=15, E=16, F=FEPOINT, ET=TRIANGLE
-0.0852354 0.884714 0 0 0 0 
-0.0639266 0.913535 0 0 0 0 
-0.0426177 0.942357 0 0 0 0 
-0.0213089 0.971178 0 0 0 0 
5.55112e-17 1 0 0 0 0 
-0.103035 0.910458 0 0 0 0 
-0.0817868 0.940047 0 0 0 0 
-0.0605283 0.969638 0 0 0 0 
-0.0392598 0.999229 0 0 0 0 
-0.120835 0.936201 0 0 0 0 
-0.0996571 0.966558 0 0 0 0 
-0.0784591 0.996917 0 0 0 0 
-0.138635 0.961945 0 0 0 0 
-0.117537 0.993068 0 0 0 0 
-0.156434 0.987688 0 0 0 0 
1 2 6
2 7 6
2 3 7
3 8 7
3 4 8
4 9 8
4 5 9
6 7 10
7 11 10
7 8 11
8 12 11
8 9 12
10 11 13
11 14 13
11 12 14
13 14 15
ZONE N=15, E=16, F=FEPOINT, ET=TRIANGLE
-0.809017 -0.587785 0 0 0 0 
-0.791977 -0.554338 0 0 0 0 
-0.774936 -0.520891 0 0 0 0 
-0.757896 -0.487444 0 0 0 0 
-0.740855 -0.453997 0 0 0 0 
-0.820401 -0.571788 0 0 0 0 
-0.803202 -0.538232 0 0 0 0 
-0.786002 -0.504676 0 0 0 0 
-0.768802 -0.471122 0 0 0 0 
-0.83147 -0.55557 0 0 0 0 
-0.814109 -0.521908 0 0 0 0 
-0.796748 -0.488248 0 0 0 0 
-0.842217 -0.539138 0 0 0 0 
-0.824694 -0.505373 0 0 0 0 
-0.85264 -0.522499 0 0 0 0 
1 2 6
2 7 6
2 3 7
3 8 7
3 4 8
4 9 8
4 5 9
6 7 10
7 11 10
7 8 11
8 12 11
8 9 12
10 11 13
11 14 13
11 12 14
13 14 15
ZONE N=15, E=16, F=FEPOINT, ET=TRIANGLE
-0.951057 -0.309017 0 0 0 0 
-0.938191 -0.346117 0 0 0 0 
-0.92388 -0.382683 0 0 0 0 
-0.908143 -0.41866 0 0 0 0 
-0.891007 -0.45399 0 0 0 0 
-0.917275 -0.333318 0 0 0 0 
-0.90369 -0.370142 0 0 0 0 
-0.88867 -0.406404 0 0 0 0 
-0.872237 -0.442048 0 0 0 0 
-0.883493 -0.35762 0 0 0 0 
-0.869192 -0.394158 0 0 0 0 
-0.853468 -0.430106 0 0 0 0 
-0.849711 -0.381921 0 0 0 0 
-0.834698 -0.418164 0 0 0 0 
-0.815929 -0.406222 0 0 0 0 
1 2 6
2 7 6
2 3 7
3 8 7
3 4 8
4 9 8
4 5 9
6 7 10
7 11 10
7 8 11
8 12 11
8 9 12
10 11 13
11 14 13
11 12 14
13 14 15
ZONE N=15, E=16, F=FEPOINT, ET=TRIANGLE
-0.815929 -0.406222 0 0 0 0 
-0.834698 -0.418164 0 0 0 0 
-0.853468 -0.430106 0 0 0 0 
-0.872237 -0.442048 0 0 0 0 
-0.891007 -0.45399 0 0 0 0 
-0.825107 -0.435291 0 0 0 0 
-0.844044 -0.447328 0 0 0 0 
-0.862982 -0.459363 0 0 0 0 
-0.881921 -0.471397 0 0 0 0 
-0.834285 -0.46436 0 0 0 0 
-0.85339 -0.476492 0 0 0 0 
-0.872496 -0.488621 0 0 0 0 
-0.843462 -0.49343 0 0 0 0 
-0.862734 -0.505657 0 0 0 0 
-0.85264 -0.522499 0 0 0 0 
1 2 6
2 7 6
2 3 7
3 8 7
3 4 8
4 9 8
4 5 9
6 7 10
7 11 10
7 8 11
8 12 11
8 9 12
10 11 13
11 14 13
11 12 14
13 14 15
ZONE N=15, E=16, F=FEPOINT, ET=TRIANGLE
-0.871065 -0.190396 0 0 0 0 
-0.900221 -0.181905 0 0 0 0 
-0.929377 -0.173415 0 0 0 0 
-0.958533 -0.164925 0 0 0 0 
-0.987688 -0.156434 0 0 0 0 
-0.891063 -0.220051 0 0 0 0 
-0.920968 -0.211741 0 0 0 0 
-0.950876 -0.20342 0 0 0 0 
-0.980785 -0.19509 0 0 0 0 
-0.911061 -0.249706 0 0 0 0 
-0.941713 -0.241586 0 0 0 0 
-0.97237 -0.233445 0 0 0 0 
-0.931059 -0.279362 0 0 0 0 
-0.962455 -0.27144 0 0 0 0 
-0.951057 -0.309017 0 0 0 0 
1 2 6
2 7 6
2 3 7
3 8 7
3 4 8
4 9 8
4 5 9
6 7 10
7 11 10
7 8 11
8 12 11
8 9 12
10 11 13
11 14 13
11 12 14
13 14 15
ZONE N=15, E=16, F=FEPOINT, ET=TRIANGLE
-0.309017 -0.951057 0 0 0 0 
-0.27144 -0.962455 0 0 0 0 
-0.233445 -0.97237 0 0 0 0 
-0.19509 -0.980785 0 0 0 0 
-0.156434 -0.987688 0 0 0 0 
-0.283146 -0.927319 0 0 0 0 
-0.24537 -0.937973 0 0 0 0 
-0.207205 -0.947135 0 0 0 0 
-0.168709 -0.954792 0 0 0 0 
-0.257275 -0.903581 0 0 0 0 
-0.219309 -0.913488 0 0 0 0 
-0.180984 -0.921897 0 0 0 0 
-0.231404 -0.879843 0 0 0 0 
-0.193258 -0.889001 0 0 0 0 
-0.205533 -0.856105 0 0 0 0 
1 2 6
2 7 6
2 3 7
3 8 7
3 4 8
4 9 8
4 5 9
6 7 10
7 11 10
7 8 11
8 12 11
8 9 12
10 11 13
11 14 13
11 12 14
13 14 15
ZONE N=15, E=16, F=FEPOINT, ET=TRIANGLE
-0.707107 -0.707107 0 0 0 0 
-0.678801 -0.734323 0 0 0 0 
-0.649448 -0.760406 0 0 0 0 
-0.619094 -0.785317 0 0 0 0 
-0.587785 -0.809017 0 0 0 0 
-0.680854 -0.706571 0 0 0 0 
-0.652032 -0.733214 0 0 0 0 
-0.622187 -0.758705 0 0 0 0 
-0.591363 -0.783004 0 0 0 0 
-0.654602 -0.706036 0 0 0 0 
-0.625272 -0.732099 0 0 0 0 
-0.594941 -0.756991 0 0 0 0 
-0.628349 -0.7055 0 0 0 0 
-0.598519 -0.730978 0 0 0 0 
-0.602097 -0.704965 0 0 0 0 
1 2 6
2 7 6
2 3 7
3 8 7
3 4 8
4 9 8
4 5 9
6 7 10
7 11 10
7 8 11
8 12 11
8 9 12
10 11 13
11 14 13
11 12 14
13 14 15
ZONE N=15, E=16, F=FEPOINT, ET=TRIANGLE
-1.80411e-16 -1 0 0 0 0 
-0.018426 -0.984125 0 0 0 0 
-0.036852 -0.968249 0 0 0 0 
-0.055278 -0.952374 0 0 0 0 
-0.073704 -0.936498 0 0 0 0 
-0.0392598 -0.999229 0 0 0 0 
-0.0576455 -0.982584 0 0 0 0 
-0.0760211 -0.96594 0 0 0 0 
-0.0943866 -0.949296 0 0 0 0 
-0.0784591 -0.996917 0 0 0 0 
-0.0967742 -0.979504 0 0 0 0 
-0.115069 -0.962093 0 0 0 0 
-0.117537 -0.993068 0 0 0 0 
-0.135752 -0.974891 0 0 0 0 
-0.156434 -0.987688 0 0 0 0 
1 2 6
2 7 6
2 3 7
3 8 7
3 4 8
4 9 8
4 5 9
6 7 10
7 11 10
7 8 11
8 12 11
8 9 12
10 11 13
11 14 13
11 12 14
13 14 15
ZONE N=15, E=16, F=FEPOINT, ET=TRIANGLE
-0.987688 -0.156434 0 0 0 0 
-0.960768 -0.13464 0 0 0 0 
-0.933848 -0.112846 0 0 0 0 
-0.906928 -0.0910522 0 0 0 0 
-0.880007 -0.0692581 0 0 0 0 
-0.993068 -0.117537 0 0 0 0 
-0.965382 -0.0956627 0 0 0 0 
-0.937694 -0.0737981 0 0 0 0 
-0.910005 -0.0519436 0 0 0 0 
-0.996917 -0.0784591 0 0 0 0 
-0.968461 -0.056534 0 0 0 0 
-0.940004 -0.034629 0 0 0 0 
-0.999229 -0.0392598 0 0 0 0 
-0.970002 -0.0173145 0 0 0 0 
-1 -7.63278e-16 0 0 0 0 
1 2 6
2 7 6
2 3 7
3 8 7
3 4 8
4 9 8
4 5 9
6 7 10
7 11 10
7 8 11
8 12 11
8 9 12
10 11 13
11 14 13
11 12 14
13 14 15
ZONE N=15, E=16, F=FEPOINT, ET=TRIANGLE
-0.629349 -0.60353 0 0 0 0 
-0.674266 -0.599594 0 0 0 0 
-0.719183 -0.595657 0 0 0 0 
-0.7641 -0.591721 0 0 0 0 
-0.809017 -0.587785 0 0 0 0 
-0.648788 -0.629424 0 0 0 0 
-0.694291 -0.625988 0 0 0 0 
-0.739801 -0.622545 0 0 0 0 
-0.785317 -0.619094 0 0 0 0 
-0.668228 -0.655318 0 0 0 0 
-0.71431 -0.652391 0 0 0 0 
-0.760406 -0.649448 0 0 0 0 
-0.687667 -0.681213 0 0 0 0 
-0.734323 -0.678801 0 0 0 0 
-0.707107 -0.707107 0 0 0 0 
1 2 6
2 7 6
2 3 7
3 8 7
3 4 8
4 9 8
4 5 9
6 7 10
7 11 10
7 8 11
8 12 11
8 9 12
10 11 13
11 14 13
11 12 14
13 14 15
ZONE N=15, E=16, F=FEPOINT, ET=TRIANGLE
-0.45399 -0.891007 0 0 0 0 
-0.41866 -0.908143 0 0 0 0 
-0.382683 -0.92388 0 0 0 0 
-0.346117 -0.938191 0 0 0 0 
-0.309017 -0.951057 0 0 0 0 
-0.442276 -0.871342 0 0 0 0 
-0.406632 -0.887774 0 0 0 0 
-0.37037 -0.902794 0 0 0 0 
-0.333546 -0.916379 0 0 0 0 
-0.430562 -0.851677 0 0 0 0 
-0.394614 -0.867401 0 0 0 0 
-0.358076 -0.881702 0 0 0 0 
-0.418848 -0.832012 0 0 0 0 
-0.382605 -0.847024 0 0 0 0 
-0.407134 -0.812347 0 0 0 0 
1 2 6
2 7 6
2 3 7
3 8 7
3 4 8
4 9 8
4 5 9
6 7 10
7 11 10
7 8 11
8 12 11
8 9 12
10 11 13
11 14 13
11 12 14
13 14 15
ZONE N=15, E=16, F=FEPOINT, ET=TRIANGLE
-0.461433 -0.738628 0 0 0 0 
-0.493021 -0.756225 0 0 0 0 
-0.524609 -0.773823 0 0 0 0 
-0.556197 -0.79142 0 0 0 0 
-0.587785 -0.809017 0 0 0 0 
-0.459572 -0.776723 0 0 0 0 
-0.491563 -0.794977 0 0 0 0 
-0.523562 -0.813226 0 0 0 0 
-0.55557 -0.83147 0 0 0 0 
-0.457712 -0.814817 0 0 0 0 
-0.490096 -0.833734 0 0 0 0 
-0.522499 -0.85264 0 0 0 0 
-0.455851 -0.852912 0 0 0 0 
-0.488621 -0.872496 0 0 0 0 
-0.45399 -0.891007 0 0 0 0 
1 2 6
2 7 6
2 3 7
3 8 7
3 4 8
4 9 8
4 5 9
6 7 10
7 11 10
7 8 11
8 12 11
8 9 12
10 11 13
11 14 13
11 12 14
13 14 15
ZONE N=15, E=16, F=FEPOINT, ET=TRIANGLE
0.453997 -0.740855 0 0 0 0 
0.471122 -0.768802 0 0 0 0 
0.488248 -0.796748 0 0 0 0 
0.505373 -0.824694 0 0 0 0 
0.522499 -0.85264 0 0 0 0 
0.487444 -0.757896 0 0 0 0 
0.504676 -0.786002 0 0 0 0 
0.521908 -0.814109 0 0 0 0 
0.539138 -0.842217 0 0 0 0 
0.520891 -0.774936 0 0 0 0 
0.538232 -0.803202 0 0 0 0 
0.55557 -0.83147 0 0 0 0 
0.554338 -0.791977 0 0 0 0 
0.571788 -0.820401 0 0 0 0 
0.587785 -0.809017 0 0 0 0 
1 2 6
2 7 6
2 3 7
3 8 7
3 4 8
4 9 8
4 5 9
6 7 10
7 11 10
7 8 11
8 12 11
8 9 12
10 11 13
11 14 13
11 12 14
13 14 15
ZONE N=15, E=16, F=FEPOINT, ET=TRIANGLE
0.706612 -0.603504 0 0 0 0 
0.706736 -0.629405 0 0 0 0 
0.70686 -0.655305 0 0 0 0 
0.706983 -0.681206 0 0 0 0 
0.707107 -0.707107 0 0 0 0 
0.732214 -0.599574 0 0 0 0 
0.732923 -0.625975 0 0 0 0 
0.733626 -0.652384 0 0 0 0 
0.734323 -0.678801 0 0 0 0 
0.757815 -0.595645 0 0 0 0 
0.759117 -0.622539 0 0 0 0 
0.760406 -0.649448 0 0 0 0 
0.783416 -0.591715 0 0 0 0 
0.785317 -0.619094 0 0 0 0 
0.809017 -0.587785 0 0 0 0 
1 2 6
2 7 6
2 3 7
3 8 7
3 4 8
4 9 8
4 5 9
6 7 10
7 11 10
7 8 11
8 12 11
8 9 12
10 11 13
11 14 13
11 12 14
13 14 15
ZONE N=15, E=16, F=FEPOINT, ET=TRIANGLE
0.891007 -0.45399 0 0 0 0 
0.908143 -0.41866 0 0 0 0 
0.92388 -0.382683 0 0 0 0 
0.938191 -0.346117 0 0 0 0 
0.951057 -0.309017 0 0 0 0 
0.879392 -0.41824 0 0 0 0 
0.895824 -0.382596 0 0 0 0 
0.910844 -0.346334 0 0 0 0 
0.924429 -0.30951 0 0 0 0 
0.867776 -0.38249 0 0 0 0 
0.883501 -0.346541 0 0 0 0 
0.897801 -0.310003 0 0 0 0 
0.856161 -0.346739 0 0 0 0 
0.871174 -0.310496 0 0 0 0 
0.844546 -0.310989 0 0 0 0 
1 2 6
2 7 6
2 3 7
3 8 7
3 4 8
4 9 8
4 5 9
6 7 10
7 11 10
7 8 11
8 12 11
8 9 12
10 11 13
11 14 13
11 12 14
13 14 15
ZONE N=15, E=16, F=FEPOINT, ET=TRIANGLE
-1.83881e-16 -1 0 0 0 0 
0.0392598 -0.999229 0 0 0 0 
0.0784591 -0.996917 0 0 0 0 
0.117537 -0.993068 0 0 0 0 
0.156434 -0.987688 0 0 0 0 
0.00644907 -0.973884 0 0 0 0 
0.0456686 -0.972343 0 0 0 0 
0.0847973 -0.969264 0 0 0 0 
0.123775 -0.96465 0 0 0 0 
0.0128981 -0.947768 0 0 0 0 
0.0520672 -0.945458 0 0 0 0 
0.0911154 -0.941612 0 0 0 0 
0.0193472 -0.921652 0 0 0 0 
0.0584558 -0.918574 0 0 0 0 
0.0257963 -0.895536 0 0 0 0 
1 2 6
2 7 6
2 3 7
3 8 7
3 4 8
4 9 8
4 5 9
6 7 10
7 11 10
7 8 11
8 12 11
8 9 12
10 11 13
11 14 13
11 12 14
13 14 15
ZONE N=15, E=16, F=FEPOINT, ET=TRIANGLE
0.951057 -0.309017 0 0 0 0 
0.962455 -0.27144 0 0 0 0 
0.97237 -0.233445 0 0 0 0 
0.980785 -0.19509 0 0 0 0 
0.987688 -0.156434 0 0 0 0 
0.926556 -0.282963 0 0 0 0 
0.937211 -0.245187 0 0 0 0 
0.946373 -0.207022 0 0 0 0 
0.95403 -0.168526 0 0 0 0 
0.902056 -0.256909 0 0 0 0 
0.911964 -0.218943 0 0 0 0 
0.920372 -0.180618 0 0 0 0 
0.877556 -0.230855 0 0 0 0 
0.886714 -0.192709 0 0 0 0 
0.853056 -0.204801 0 0 0 0 
1 2 6
2 7 6
2 3 7
3 8 7
3 4 8
4 9 8
4 5 9
6 7 10
7 11 10
7 8 11
8 12 11
8 9 12
10 11 13
11 14 13
11 12 14
13 14 15
ZONE N=15, E=16, F=FEPOINT, ET=TRIANGLE
0.285201 -0.860391 0 0 0 0 
0.253009 -0.892216 0 0 0 0 
0.220818 -0.92404 0 0 0 0 
0.188626 -0.955864 0 0 0 0 
0.156434 -0.987688 0 0 0 0 
0.291155 -0.883058 0 0 0 0 
0.259143 -0.915631 0 0 0 0 
0.227122 -0.948207 0 0 0 0 
0.19509 -0.980785 0 0 0 0 
0.297109 -0.905724 0 0 0 0 
0.265287 -0.939045 0 0 0 0 
0.233445 -0.97237 0 0 0 0 
0.303063 -0.92839 0 0 0 0 
0.27144 -0.962455 0 0 0 0 
0.309017 -0.951057 0 0 0 0 
1 2 6
2 7 6
2 3 7
3 8 7
3 4 8
4 9 8
4 5 9
6 7 10
7 11 10
7 8 11
8 12 11
8 9 12
10 11 13
11 14 13
11 12 14
13 14 15
ZONE N=15, E=16, F=FEPOINT, ET=TRIANGLE
0.605932 -0.627944 0 0 0 0 
0.601396 -0.673212 0 0 0 0 
0.596859 -0.71848 0 0 0 0 
0.592322 -0.763749 0 0 0 0 
0.587785 -0.809017 0 0 0 0 
0.631226 -0.647735 0 0 0 0 
0.62719 -0.693589 0 0 0 0 
0.623146 -0.73945 0 0 0 0 
0.619094 -0.785317 0 0 0 0 
0.65652 -0.667525 0 0 0 0 
0.652991 -0.713959 0 0 0 0 
0.649448 -0.760406 0 0 0 0 
0.681813 -0.687316 0 0 0 0 
0.678801 -0.734323 0 0 0 0 
0.707107 -0.707107 0 0 0 0 
1 2 6
2 7 6
2 3 7
3 8 7
3 4 8
4 9 8
4 5 9
6 7 10
7 11 10
7 8 11
8 12 11
8 9 12
10 11 13
11 14 13
11 12 14
13 14 15
ZONE N=15, E=16, F=FEPOINT, ET=TRIANGLE
1 -2.498e-16 0 0 0 0 
0.970094 -0.0173218 0 0 0 0 
0.940189 -0.0346436 0 0 0 0 
0.910283 -0.0519654 0 0 0 0 
0.880377 -0.0692872 0 0 0 0 
0.999229 -0.0392598 0 0 0 0 
0.968554 -0.0565413 0 0 0 0 
0.937879 -0.0738127 0 0 0 0 
0.907205 -0.091074 0 0 0 0 
0.996917 -0.0784591 0 0 0 0 
0.965474 -0.09567 0 0 0 0 
0.934033 -0.112861 0 0 0 0 
0.993068 -0.117537 0 0 0 0 
0.960861 -0.134648 0 0 0 0 
0.987688 -0.156434 0 0 0 0 
1 2 6
2 7 6
2 3 7
3 8 7
3 4 8
4 9 8
4 5 9
6 7 10
7 11 10
7 8 11
8 12 11
8 9 12
10 11 13
11 14 13
11 12 14
13 14 15
ZONE N=15, E=16, F=FEPOINT, ET=TRIANGLE
0.309017 -0.951057 0 0 0 0 
0.346117 -0.938191 0 0 0 0 
0.382683 -0.92388 0 0 0 0 
0.41866 -0.908143 0 0 0 0 
0.45399 -0.891007 0 0 0 0 
0.303063 -0.92839 0 0 0 0 
0.339887 -0.914806 0 0 0 0 
0.376149 -0.899785 0 0 0 0 
0.411793 -0.883353 0 0 0 0 
0.297109 -0.905724 0 0 0 0 
0.333647 -0.891423 0 0 0 0 
0.369596 -0.875699 0 0 0 0 
0.291155 -0.883058 0 0 0 0 
0.327398 -0.868045 0 0 0 0 
0.285201 -0.860391 0 0 0 0 
1 2 6
2 7 6
2 3 7
3 8 7
3 4 8
4 9 8
4 5 9
6 7 10
7 11 10
7 8 11
8 12 11
8 9 12
10 11 13
11 14 13
11 12 14
13 14 15
ZONE N=15, E=16, F=FEPOINT, ET=TRIANGLE
0.809017 -0.587785 0 0 0 0 
0.83147 -0.55557 0 0 0 0 
0.85264 -0.522499 0 0 0 0 
0.872496 -0.488621 0 0 0 0 
0.891007 -0.45399 0 0 0 0 
0.791711 -0.560398 0 0 0 0 
0.813517 -0.527763 0 0 0 0 
0.834025 -0.494297 0 0 0 0 
0.853203 -0.460052 0 0 0 0 
0.774405 -0.533011 0 0 0 0 
0.795559 -0.499965 0 0 0 0 
0.8154 -0.466114 0 0 0 0 
0.757099 -0.505624 0 0 0 0 
0.777596 -0.472175 0 0 0 0 
0.739793 -0.478237 0 0 0 0 
1 2 6
2 7 6
2 3 7
3 8 7
3 4 8
4 9 8
4 5 9
6 7 10
7 11 10
7 8 11
8 12 11
8 9 12
10 11 13
11 14 13
11 12 14
13 14 15
ZONE N=15, E=16, F=FEPOINT, ET=TRIANGLE
0.522499 -0.85264 0 0 0 0 
0.505373 -0.824694 0 0 0 0 
0.488248 -0.796748 0 0 0 0 
0.471122 -0.768802 0 0 0 0 
0.453997 -0.740855 0 0 0 0 
0.505657 -0.862734 0 0 0 0 
0.488436 -0.834621 0 0 0 0 
0.471215 -0.806508 0 0 0 0 
0.453995 -0.778393 0 0 0 0 
0.488621 -0.872496 0 0 0 0 
0.471306 -0.844214 0 0 0 0 
0.453994 -0.815931 0 0 0 0 
0.471397 -0.881921 0 0 0 0 
0.453992 -0.853469 0 0 0 0 
0.45399 -0.891007 0 0 0 0 
1 2 6
2 7 6
2 3 7
3 8 7
3 4 8
4 9 8
4 5 9
6 7 10
7 11 10
7 8 11
8 12 11
8 9 12
10 11 13
11 14 13
11 12 14
13 14 15
ZONE N=15, E=16, F=FEPOINT, ET=TRIANGLE
0.5 0 0 0 0 0 
0.46875 3.46945e-18 0 0 0 0 
0.4375 0 0 0 0 0 
0.40625 0 0 0 0 0 
0.375 0 0 0 0 0 
0.465874 -0.0220147 0 0 0 0 
0.434624 -0.0220147 0 0 0 0 
0.403374 -0.0220147 0 0 0 0 
0.372124 -0.0220147 0 0 0 0 
0.431748 -0.0440293 0 0 0 0 
0.400498 -0.0440293 0 0 0 0 
0.369248 -0.0440293 0 0 0 0 
0.397622 -0.066044 0 0 0 0 
0.366372 -0.066044 0 0 0 0 
0.363496 -0.0880586 0 0 0 0 
1 2 6
2 7 6
2 3 7
3 8 7
3 4 8
4 9 8
4 5 9
6 7 10
7 11 10
7 8 11
8 12 11
8 9 12
10 11 13
11 14 13
11 12 14
13 14 15
ZONE N=15, E=16, F=FEPOINT, ET=TRIANGLE
0.125 0 0 0 0 0 
0.15625 -3.46945e-18 0 0 0 0 
0.1875 0 0 0 0 0 
0.21875 0 0 0 0 0 
0.25 0 0 0 0 0 
0.140625 0.0254953 0 0 0 0 
0.171875 0.0254953 0 0 0 0 
0.203125 0.0254953 0 0 0 0 
0.234375 0.0254953 0 0 0 0 
0.15625 0.0509906 0 0 0 0 
0.1875 0.0509906 0 0 0 0 
0.21875 0.0509906 0 0 0 0 
0.171875 0.0764859 0 0 0 0 
0.203125 0.0764859 0 0 0 0 
0.1875 0.101981 0 0 0 0 
1 2 6
2 7 6
2 3 7
3 8 7
3 4 8
4 9 8
4 5 9
6 7 10
7 11 10
7 8 11
8 12 11
8 9 12
10 11 13
11 14 13
11 12 14
13 14 15
ZONE N=15, E=16, F=FEPOINT, ET=TRIANGLE
-0.375 0 0 0 0 0 
-0.390625 0.0285218 0 0 0 0 
-0.40625 0.0570437 0 0 0 0 
-0.421875 0.0855655 0 0 0 0 
-0.4375 0.114087 0 0 0 0 
-0.40625 0 0 0 0 0 
-0.421875 0.0285218 0 0 0 0 
-0.4375 0.0570437 0 0 0 0 
-0.453125 0.0855655 0 0 0 0 
-0.4375 0 0 0 0 0 
-0.453125 0.0285218 0 0 0 0 
-0.46875 0.0570437 0 0 0 0 
-0.46875 -3.46945e-18 0 0 0 0 
-0.484375 0.0285218 0 0 0 0 
-0.5 0 0 0 0 0 
1 2 6
2 7 6
2 3 7
3 8 7
3 4 8
4 9 8
4 5 9
6 7 10
7 11 10
7 8 11
8 12 11
8 9 12
10 11 13
11 14 13
11 12 14
13 14 15
ZONE N=15, E=16, F=FEPOINT, ET=TRIANGLE
-0.375 0 0 0 0 0 
-0.349199 -0.0349093 0 0 0 0 
-0.323398 -0.0698187 0 0 0 0 
-0.297598 -0.104728 0 0 0 0 
-0.271797 -0.139637 0 0 0 0 
-0.34375 0 0 0 0 0 
-0.317949 -0.0349093 0 0 0 0 
-0.292148 -0.0698187 0 0 0 0 
-0.266348 -0.104728 0 0 0 0 
-0.3125 0 0 0 0 0 
-0.286699 -0.0349093 0 0 0 0 
-0.260898 -0.0698187 0 0 0 0 
-0.28125 0 0 0 0 0 
-0.255449 -0.0349093 0 0 0 0 
-0.25 0 0 0 0 0 
1 2 6
2 7 6
2 3 7
3 8 7
3 4 8
4 9 8
4 5 9
6 7 10
7 11 10
7 8 11
8 12 11
8 9 12
10 11 13
11 14 13
11 12 14
13 14 15
ZONE N=15, E=16, F=FEPOINT, ET=TRIANGLE
-0.25 0 0 0 0 0 
-0.265625 0.0254953 0 0 0 0 
-0.28125 0.0509906 0 0 0 0 
-0.296875 0.0764859 0 0 0 0 
-0.3125 0.101981 0 0 0 0 
-0.28125 0 0 0 0 0 
-0.296875 0.0254953 0 0 0 0 
-0.3125 0.0509906 0 0 0 0 
-0.328125 0.0764859 0 0 0 0 
-0.3125 0 0 0 0 0 
-0.328125 0.0254953 0 0 0 0 
-0.34375 0.0509906 0 0 0 0 
-0.34375 0 0 0 0 0 
-0.359375 0.0254953 0 0 0 0 
-0.375 0 0 0 0 0 
1 2 6
2 7 6
2 3 7
3 8 7
3 4 8
4 9 8
4 5 9
6 7 10
7 11 10
7 8 11
8 12 11
8 9 12
10 11 13
11 14 13
11 12 14
13 14 15
ZONE N=15, E=16, F=FEPOINT, ET=TRIANGLE
-0.375 0 0 0 0 0 
-0.40625 0 0 0 0 0 
-0.4375 0 0 0 0 0 
-0.46875 0 0 0 0 0 
-0.5 0 0 0 0 0 
-0.390625 -0.020539 0 0 0 0 
-0.421875 -0.020539 0 0 0 0 
-0.453125 -0.020539 0 0 0 0 
-0.484375 -0.020539 0 0 0 0 
-0.40625 -0.041078 0 0 0 0 
-0.4375 -0.041078 0 0 0 0 
-0.46875 -0.041078 0 0 0 0 
-0.421875 -0.0616169 0 0 0 0 
-0.453125 -0.0616169 0 0 0 0 
-0.4375 -0.0821559 0 0 0 0 
1 2 6
2 7 6
2 3 7
3 8 7
3 4 8
4 9 8
4 5 9
6 7 10
7 11 10
7 8 11
8 12 11
8 9 12
10 11 13
11 14 13
11 12 14
13 14 15
ZONE N=15, E=16, F=FEPOINT, ET=TRIANGLE
-0.125 0 0 0 0 0 
-0.140625 0.0271115 0 0 0 0 
-0.15625 0.054223 0 0 0 0 
-0.171875 0.0813345 0 0 0 0 
-0.1875 0.108446 0 0 0 0 
-0.15625 0 0 0 0 0 
-0.171875 0.0271115 0 0 0 0 
-0.1875 0.054223 0 0 0 0 
-0.203125 0.0813345 0 0 0 0 
-0.1875 0 0 0 0 0 
-0.203125 0.0271115 0 0 0 0 
-0.21875 0.054223 0 0 0 0 
-0.21875 3.46945e-18 0 0 0 0 
-0.234375 0.0271115 0 0 0 0 
-0.25 0 0 0 0 0 
1 2 6
2 7 6
2 3 7
3 8 7
3 4 8
4 9 8
4 5 9
6 7 10
7 11 10
7 8 11
8 12 11
8 9 12
10 11 13
11 14 13
11 12 14
13 14 15
ZONE N=15, E=16, F=FEPOINT, ET=TRIANGLE
-0.0625 -0.0825662 0 0 0 0 
-0.046875 -0.0619247 0 0 0 0 
-0.03125 -0.0412831 0 0 0 0 
-0.015625 -0.0206416 0 0 0 0 
9.92262e-16 0 0 0 0 0 
-0.078125 -0.0619247 0 0 0 0 
-0.0625 -0.0412831 0 0 0 0 
-0.046875 -0.0206416 0 0 0 0 
-0.03125 -3.46945e-18 0 0 0 0 
-0.09375 -0.0412831 0 0 0 0 
-0.078125 -0.0206416 0 0 0 0 
-0.0625 0 0 0 0 0 
-0.109375 -0.0206416 0 0 0 0 
-0.09375 0 0 0 0 0 
-0.125 0 0 0 0 0 
1 2 6
2 7 6
2 3 7
3 8 7
3 4 8
4 9 8
4 5 9
6 7 10
7 11 10
7 8 11
8 12 11
8 9 12
10 11 13
11 14 13
11 12 14
13 14 15
ZONE N=15, E=16, F=FEPOINT, ET=TRIANGLE
0.125 0 0 0 0 0 
0.09375 0 0 0 0 0 
0.0625 0 0 0 0 0 
0.03125 0 0 0 0 0 
9.99201e-16 0 0 0 0 0 
0.104495 -0.0243679 0 0 0 0 
0.0732445 -0.0243679 0 0 0 0 
0.0419945 -0.0243679 0 0 0 0 
0.0107445 -0.0243679 0 0 0 0 
0.0839891 -0.0487357 0 0 0 0 
0.0527391 -0.0487357 0 0 0 0 
0.0214891 -0.0487357 0 0 0 0 
0.0634836 -0.0731036 0 0 0 0 
0.0322336 -0.0731036 0 0 0 0 
0.0429781 -0.0974714 0 0 0 0 
1 2 6
2 7 6
2 3 7
3 8 7
3 4 8
4 9 8
4 5 9
6 7 10
7 11 10
7 8 11
8 12 11
8 9 12
10 11 13
11 14 13
11 12 14
13 14 15
ZONE N=15, E=16, F=FEPOINT, ET=TRIANGLE
0.154996 -0.108488 0 0 0 0 
0.178747 -0.0813659 0 0 0 0 
0.202498 -0.0542439 0 0 0 0 
0.226249 -0.027122 0 0 0 0 
0.25 0 0 0 0 0 
0.147497 -0.0813659 0 0 0 0 
0.171248 -0.0542439 0 0 0 0 
0.194999 -0.027122 0 0 0 0 
0.21875 0 0 0 0 0 
0.139998 -0.0542439 0 0 0 0 
0.163749 -0.027122 0 0 0 0 
0.1875 0 0 0 0 0 
0.132499 -0.027122 0 0 0 0 
0.15625 0 0 0 0 0 
0.125 0 0 0 0 0 
1 2 6
2 7 6
2 3 7
3 8 7
3 4 8
4 9 8
4 5 9
6 7 10
7 11 10
7 8 11
8 12 11
8 9 12
10 11 13
11 14 13
11 12 14
13 14 15
ZONE N=15, E=16, F=FEPOINT, ET=TRIANGLE
0.125 0 0 0 0 0 
0.109375 0.0178554 0 0 0 0 
0.09375 0.0357109 0 0 0 0 
0.078125 0.0535663 0 0 0 0 
0.0625 0.0714218 0 0 0 0 
0.09375 0 0 0 0 0 
0.078125 0.0178554 0 0 0 0 
0.0625 0.0357109 0 0 0 0 
0.046875 0.0535663 0 0 0 0 
0.0625 0 0 0 0 0 
0.046875 0.0178554 0 0 0 0 
0.03125 0.0357109 0 0 0 0 
0.03125 0 0 0 0 0 
0.015625 0.0178554 0 0 0 0 
9.99201e-16 0 0 0 0 0 
1 2 6
2 7 6
2 3 7
3 8 7
3 4 8
4 9 8
4 5 9
6 7 10
7 11 10
7 8 11
8 12 11
8 9 12
10 11 13
11 14 13
11 12 14
13 14 15
ZONE N=15, E=16, F=FEPOINT, ET=TRIANGLE
0.375 0 0 0 0 0 
0.375 0.0366874 0 0 0 0 
0.375 0.0733748 0 0 0 0 
0.375 0.110062 0 0 0 0 
0.375 0.14675 0 0 0 0 
0.34375 0 0 0 0 0 
0.34375 0.0366874 0 0 0 0 
0.34375 0.0733748 0 0 0 0 
0.34375 0.110062 0 0 0 0 
0.3125 0 0 0 0 0 
0.3125 0.0366874 0 0 0 0 
0.3125 0.0733748 0 0 0 0 
0.28125 0 0 0 0 0 
0.28125 0.0366874 0 0 0 0 
0.25 0 0 0 0 0 
1 2 6
2 7 6
2 3 7
3 8 7
3 4 8
4 9 8
4 5 9
6 7 10
7 11 10
7 8 11
8 12 11
8 9 12
10 11 13
11 14 13
11 12 14
13 14 15
ZONE N=15, E=16, F=FEPOINT, ET=TRIANGLE
-0.0318843 0.0909587 0 0 0 0 
-0.0551633 0.068219 0 0 0 0 
-0.0784422 0.0454793 0 0 0 0 
-0.101721 0.0227397 0 0 0 0 
-0.125 0 0 0 0 0 
-0.0239133 0.068219 0 0 0 0 
-0.0471922 0.0454793 0 0 0 0 
-0.0704711 0.0227397 0 0 0 0 
-0.09375 -3.46945e-18 0 0 0 0 
-0.0159422 0.0454793 0 0 0 0 
-0.0392211 0.0227397 0 0 0 0 
-0.0625 0 0 0 0 0 
-0.00797109 0.0227397 0 0 0 0 
-0.03125 0 0 0 0 0 
9.99201e-16 0 0 0 0 0 
1 2 6
2 7 6
2 3 7
3 8 7
3 4 8
4 9 8
4 5 9
6 7 10
7 11 10
7 8 11
8 12 11
8 9 12
10 11 13
11 14 13
11 12 14
13 14 15
ZONE N=15, E=16, F=FEPOINT, ET=TRIANGLE
0.5 0 0 0 0 0 
0.49742 0.0294553 0 0 0 0 
0.49484 0.0589105 0 0 0 0 
0.49226 0.0883658 0 0 0 0 
0.48968 0.117821 0 0 0 0 
0.46875 0 0 0 0 0 
0.46617 0.0294553 0 0 0 0 
0.46359 0.0589105 0 0 0 0 
0.46101 0.0883658 0 0 0 0 
0.4375 0 0 0 0 0 
0.43492 0.0294553 0 0 0 0 
0.43234 0.0589105 0 0 0 0 
0.40625 0 0 0 0 0 
0.40367 0.0294553 0 0 0 0 
0.375 0 0 0 0 0 
1 2 6
2 7 6
2 3 7
3 8 7
3 4 8
4 9 8
4 5 9
6 7 10
7 11 10
7 8 11
8 12 11
8 9 12
10 11 13
11 14 13
11 12 14
13 14 15
ZONE N=15, E=16, F=FEPOINT, ET=TRIANGLE
-0.125 0 0 0 0 0 
-0.15625 0 0 0 0 0 
-0.1875 0 0 0 0 0 
-0.21875 0 0 0 0 0 
-0.25 0 0 0 0 0 
-0.137654 -0.0234427 0 0 0 0 
-0.168904 -0.0234427 0 0 0 0 
-0.200154 -0.0234427 0 0 0 0 
-0.231404 -0.0234427 0 0 0 0 
-0.150307 -0.0468854 0 0 0 0 
-0.181557 -0.0468854 0 0 0 0 
-0.212807 -0.0468854 0 0 0 0 
-0.162961 -0.0703281 0 0 0 0 
-0.194211 -0.0703281 0 0 0 0 
-0.175615 -0.0937708 0 0 0 0 
1 2 6
2 7 6
2 3 7
3 8 7
3 4 8
4 9 8
4 5 9
6 7 10
7 11 10
7 8 11
8 12 11
8 9 12
10 11 13
11 14 13
11 12 14
13 14 15
ZONE N=15, E=16, F=FEPOINT, ET=TRIANGLE
0.375 0 0 0 0 0 
0.34375 3.46945e-18 0 0 0 0 
0.3125 0 0 0 0 0 
0.28125 0 0 0 0 0 
0.25 0 0 0 0 0 
0.372124 -0.0220147 0 0 0 0 
0.340874 -0.0220147 0 0 0 0 
0.309624 -0.0220147 0 0 0 0 
0.278374 -0.0220147 0 0 0 0 
0.369248 -0.0440293 0 0 0 0 
0.337998 -0.0440293 0 0 0 0 
0.306748 -0.0440293 0 0 0 0 
0.366372 -0.066044 0 0 0 0 
0.335122 -0.066044 0 0 0 0 
0.363496 -0.0880586 0 0 0 0 
1 2 6
2 7 6
2 3 7
3 8 7
3 4 8
4 9 8
4 5 9
6 7 10
7 11 10
7 8 11
8 12 11
8 9 12
10 11 13
11 14 13
11 12 14
13 14 15
