ZONE N=15, E=16, F=FEPOINT, ET=TRIANGLE
-0.846724 -0.532032 0 0 0 
-0.815397 -0.526992 0 0 0 
-0.78407 -0.521952 0 0 0 
-0.752743 -0.516912 0 0 0 
-0.721416 -0.511872 0 0 0 
-0.839351 -0.483651 0 0 0 
-0.808024 -0.478611 0 0 0 
-0.776697 -0.473571 0 0 0 
-0.74537 -0.468531 0 0 0 
-0.831978 -0.43527 0 0 0 
-0.800651 -0.43023 0 0 0 
-0.769324 -0.42519 0 0 0 
-0.824604 -0.386889 0 0 0 
-0.793277 -0.381849 0 0 0 
-0.817231 -0.338508 0 0 0 
1 2 6
2 7 6
2 3 7
3 8 7
3 4 8
4 9 8
4 5 9
6 7 10
7 11 10
7 8 11
8 12 11
8 9 12
10 11 13
11 14 13
11 12 14
13 14 15
ZONE N=15, E=16, F=FEPOINT, ET=TRIANGLE
0.883173 -0.0495979 0 0 0 
0.91238 -0.0371984 0 0 0 
0.941586 -0.024799 0 0 0 
0.970793 -0.0123995 0 0 0 
1 -1.13104e-15 0 0 0 
0.910808 -0.00920732 0 0 0 
0.940407 0.00321421 0 0 0 
0.970007 0.0156321 0 0 0 
0.999607 0.0280463 0 0 0 
0.938442 0.0311833 0 0 0 
0.968434 0.0436305 0 0 0 
0.998427 0.0560704 0 0 0 
0.966077 0.0715739 0 0 0 
0.996461 0.0840505 0 0 0 
0.993712 0.111964 0 0 0 
1 2 6
2 7 6
2 3 7
3 8 7
3 4 8
4 9 8
4 5 9
6 7 10
7 11 10
7 8 11
8 12 11
8 9 12
10 11 13
11 14 13
11 12 14
13 14 15
ZONE N=15, E=16, F=FEPOINT, ET=TRIANGLE
0.614298 -0.548971 0 0 0 
0.588692 -0.592082 0 0 0 
0.563085 -0.635193 0 0 0 
0.537479 -0.678305 0 0 0 
0.511872 -0.721416 0 0 0 
0.6375 -0.588505 0 0 0 
0.611894 -0.631616 0 0 0 
0.586287 -0.674727 0 0 0 
0.560681 -0.717839 0 0 0 
0.660703 -0.628039 0 0 0 
0.635096 -0.67115 0 0 0 
0.609489 -0.714261 0 0 0 
0.683905 -0.667573 0 0 0 
0.658298 -0.710684 0 0 0 
0.707107 -0.707107 0 0 0 
1 2 6
2 7 6
2 3 7
3 8 7
3 4 8
4 9 8
4 5 9
6 7 10
7 11 10
7 8 11
8 12 11
8 9 12
10 11 13
11 14 13
11 12 14
13 14 15
ZONE N=15, E=16, F=FEPOINT, ET=TRIANGLE
-0.846724 -0.532032 0 0 0 
-0.839351 -0.483651 0 0 0 
-0.831978 -0.43527 0 0 0 
-0.824604 -0.386889 0 0 0 
-0.817231 -0.338508 0 0 0 
-0.861313 -0.508075 0 0 0 
-0.853599 -0.459498 0 0 0 
-0.845883 -0.410923 0 0 0 
-0.838165 -0.362352 0 0 0 
-0.875223 -0.483719 0 0 0 
-0.867163 -0.434954 0 0 0 
-0.8591 -0.386196 0 0 0 
-0.888446 -0.458982 0 0 0 
-0.880034 -0.41004 0 0 0 
-0.900969 -0.433884 0 0 0 
1 2 6
2 7 6
2 3 7
3 8 7
3 4 8
4 9 8
4 5 9
6 7 10
7 11 10
7 8 11
8 12 11
8 9 12
10 11 13
11 14 13
11 12 14
13 14 15
ZONE N=15, E=16, F=FEPOINT, ET=TRIANGLE
-0.943883 -0.330279 0 0 0 
-0.934249 -0.356622 0 0 0 
-0.92388 -0.382683 0 0 0 
-0.912783 -0.408444 0 0 0 
-0.900969 -0.433884 0 0 0 
-0.91222 -0.332336 0 0 0 
-0.90222 -0.358535 0 0 0 
-0.891488 -0.384443 0 0 0 
-0.880034 -0.41004 0 0 0 
-0.880557 -0.334394 0 0 0 
-0.870192 -0.360445 0 0 0 
-0.8591 -0.386196 0 0 0 
-0.848894 -0.336451 0 0 0 
-0.838165 -0.362352 0 0 0 
-0.817231 -0.338508 0 0 0 
1 2 6
2 7 6
2 3 7
3 8 7
3 4 8
4 9 8
4 5 9
6 7 10
7 11 10
7 8 11
8 12 11
8 9 12
10 11 13
11 14 13
11 12 14
13 14 15
ZONE N=15, E=16, F=FEPOINT, ET=TRIANGLE
-0.462724 -0.652149 0 0 0 
-0.4944 -0.654004 0 0 0 
-0.526075 -0.655859 0 0 0 
-0.557751 -0.657714 0 0 0 
-0.589426 -0.659568 0 0 0 
-0.480051 -0.700792 0 0 0 
-0.511727 -0.702647 0 0 0 
-0.543402 -0.704502 0 0 0 
-0.575078 -0.706357 0 0 0 
-0.497378 -0.749436 0 0 0 
-0.529054 -0.751291 0 0 0 
-0.560729 -0.753146 0 0 0 
-0.514705 -0.79808 0 0 0 
-0.546381 -0.799935 0 0 0 
-0.532032 -0.846724 0 0 0 
1 2 6
2 7 6
2 3 7
3 8 7
3 4 8
4 9 8
4 5 9
6 7 10
7 11 10
7 8 11
8 12 11
8 9 12
10 11 13
11 14 13
11 12 14
13 14 15
ZONE N=15, E=16, F=FEPOINT, ET=TRIANGLE
0.974928 0.222521 0 0 0 
0.934249 0.201391 0 0 0 
0.89357 0.180261 0 0 0 
0.85289 0.15913 0 0 0 
0.812211 0.138 0 0 0 
0.980785 0.19509 0 0 0 
0.93972 0.173887 0 0 0 
0.898653 0.152687 0 0 0 
0.857586 0.131491 0 0 0 
0.985871 0.167506 0 0 0 
0.944417 0.146241 0 0 0 
0.902962 0.124982 0 0 0 
0.990181 0.13979 0 0 0 
0.948337 0.118473 0 0 0 
0.993712 0.111964 0 0 0 
1 2 6
2 7 6
2 3 7
3 8 7
3 4 8
4 9 8
4 5 9
6 7 10
7 11 10
7 8 11
8 12 11
8 9 12
10 11 13
11 14 13
11 12 14
13 14 15
ZONE N=15, E=16, F=FEPOINT, ET=TRIANGLE
-0.111964 -0.993712 0 0 0 
-0.121016 -0.963301 0 0 0 
-0.130067 -0.932889 0 0 0 
-0.139119 -0.902478 0 0 0 
-0.14817 -0.872066 0 0 0 
-0.13979 -0.990181 0 0 0 
-0.148783 -0.959381 0 0 0 
-0.157772 -0.928581 0 0 0 
-0.166758 -0.897782 0 0 0 
-0.167506 -0.985871 0 0 0 
-0.176429 -0.954683 0 0 0 
-0.185345 -0.923497 0 0 0 
-0.19509 -0.980785 0 0 0 
-0.203933 -0.949213 0 0 0 
-0.222521 -0.974928 0 0 0 
1 2 6
2 7 6
2 3 7
3 8 7
3 4 8
4 9 8
4 5 9
6 7 10
7 11 10
7 8 11
8 12 11
8 9 12
10 11 13
11 14 13
11 12 14
13 14 15
ZONE N=15, E=16, F=FEPOINT, ET=TRIANGLE
-1.80411e-16 -1 0 0 0 
0.0280463 -0.999607 0 0 0 
0.0560704 -0.998427 0 0 0 
0.0840505 -0.996461 0 0 0 
0.111964 -0.993712 0 0 0 
0.0123995 -0.970793 0 0 0 
0.040431 -0.970007 0 0 0 
0.0684295 -0.968434 0 0 0 
0.0963728 -0.966077 0 0 0 
0.024799 -0.941586 0 0 0 
0.0528121 -0.940407 0 0 0 
0.0807812 -0.938442 0 0 0 
0.0371984 -0.91238 0 0 0 
0.0651896 -0.910808 0 0 0 
0.0495979 -0.883173 0 0 0 
1 2 6
2 7 6
2 3 7
3 8 7
3 4 8
4 9 8
4 5 9
6 7 10
7 11 10
7 8 11
8 12 11
8 9 12
10 11 13
11 14 13
11 12 14
13 14 15
ZONE N=15, E=16, F=FEPOINT, ET=TRIANGLE
-0.222521 -0.974928 0 0 0 
-0.251518 -0.935504 0 0 0 
-0.280515 -0.896079 0 0 0 
-0.309511 -0.856655 0 0 0 
-0.338508 -0.817231 0 0 0 
-0.249776 -0.968304 0 0 0 
-0.278671 -0.928499 0 0 0 
-0.307563 -0.888696 0 0 0 
-0.336451 -0.848894 0 0 0 
-0.276836 -0.960917 0 0 0 
-0.305618 -0.920736 0 0 0 
-0.334394 -0.880557 0 0 0 
-0.303677 -0.952775 0 0 0 
-0.332336 -0.91222 0 0 0 
-0.330279 -0.943883 0 0 0 
1 2 6
2 7 6
2 3 7
3 8 7
3 4 8
4 9 8
4 5 9
6 7 10
7 11 10
7 8 11
8 12 11
8 9 12
10 11 13
11 14 13
11 12 14
13 14 15
ZONE N=15, E=16, F=FEPOINT, ET=TRIANGLE
0.133943 -0.788334 0 0 0 
0.156088 -0.834982 0 0 0 
0.178232 -0.881631 0 0 0 
0.200377 -0.928279 0 0 0 
0.222521 -0.974928 0 0 0 
0.185085 -0.795558 0 0 0 
0.207229 -0.842207 0 0 0 
0.229373 -0.888855 0 0 0 
0.251518 -0.935504 0 0 0 
0.236226 -0.802782 0 0 0 
0.25837 -0.849431 0 0 0 
0.280515 -0.896079 0 0 0 
0.287367 -0.810007 0 0 0 
0.309511 -0.856655 0 0 0 
0.338508 -0.817231 0 0 0 
1 2 6
2 7 6
2 3 7
3 8 7
3 4 8
4 9 8
4 5 9
6 7 10
7 11 10
7 8 11
8 12 11
8 9 12
10 11 13
11 14 13
11 12 14
13 14 15
ZONE N=15, E=16, F=FEPOINT, ET=TRIANGLE
0.943883 -0.330279 0 0 0 
0.952775 -0.303677 0 0 0 
0.960917 -0.276836 0 0 0 
0.968304 -0.249776 0 0 0 
0.974928 -0.222521 0 0 0 
0.91222 -0.332336 0 0 0 
0.920736 -0.305618 0 0 0 
0.928499 -0.278671 0 0 0 
0.935504 -0.251518 0 0 0 
0.880557 -0.334394 0 0 0 
0.888696 -0.307563 0 0 0 
0.896079 -0.280515 0 0 0 
0.848894 -0.336451 0 0 0 
0.856655 -0.309511 0 0 0 
0.817231 -0.338508 0 0 0 
1 2 6
2 7 6
2 3 7
3 8 7
3 4 8
4 9 8
4 5 9
6 7 10
7 11 10
7 8 11
8 12 11
8 9 12
10 11 13
11 14 13
11 12 14
13 14 15
ZONE N=15, E=16, F=FEPOINT, ET=TRIANGLE
-0.433884 -0.900969 0 0 0 
-0.408444 -0.912783 0 0 0 
-0.382683 -0.92388 0 0 0 
-0.356622 -0.934249 0 0 0 
-0.330279 -0.943883 0 0 0 
-0.41004 -0.880034 0 0 0 
-0.384443 -0.891488 0 0 0 
-0.358535 -0.90222 0 0 0 
-0.332336 -0.91222 0 0 0 
-0.386196 -0.8591 0 0 0 
-0.360445 -0.870192 0 0 0 
-0.334394 -0.880557 0 0 0 
-0.362352 -0.838165 0 0 0 
-0.336451 -0.848894 0 0 0 
-0.338508 -0.817231 0 0 0 
1 2 6
2 7 6
2 3 7
3 8 7
3 4 8
4 9 8
4 5 9
6 7 10
7 11 10
7 8 11
8 12 11
8 9 12
10 11 13
11 14 13
11 12 14
13 14 15
ZONE N=15, E=16, F=FEPOINT, ET=TRIANGLE
-0.338508 -0.817231 0 0 0 
-0.386889 -0.824604 0 0 0 
-0.43527 -0.831978 0 0 0 
-0.483651 -0.839351 0 0 0 
-0.532032 -0.846724 0 0 0 
-0.362352 -0.838165 0 0 0 
-0.410923 -0.845883 0 0 0 
-0.459498 -0.853599 0 0 0 
-0.508075 -0.861313 0 0 0 
-0.386196 -0.8591 0 0 0 
-0.434954 -0.867163 0 0 0 
-0.483719 -0.875223 0 0 0 
-0.41004 -0.880034 0 0 0 
-0.458982 -0.888446 0 0 0 
-0.433884 -0.900969 0 0 0 
1 2 6
2 7 6
2 3 7
3 8 7
3 4 8
4 9 8
4 5 9
6 7 10
7 11 10
7 8 11
8 12 11
8 9 12
10 11 13
11 14 13
11 12 14
13 14 15
ZONE N=15, E=16, F=FEPOINT, ET=TRIANGLE
-0.883173 -0.0495979 0 0 0 
-0.910808 -0.00920732 0 0 0 
-0.938442 0.0311833 0 0 0 
-0.966077 0.0715739 0 0 0 
-0.993712 0.111964 0 0 0 
-0.91238 -0.0371984 0 0 0 
-0.940407 0.00321421 0 0 0 
-0.968434 0.0436305 0 0 0 
-0.996461 0.0840505 0 0 0 
-0.941586 -0.024799 0 0 0 
-0.970007 0.0156321 0 0 0 
-0.998427 0.0560704 0 0 0 
-0.970793 -0.0123995 0 0 0 
-0.999607 0.0280463 0 0 0 
-1 1.249e-16 0 0 0 
1 2 6
2 7 6
2 3 7
3 8 7
3 4 8
4 9 8
4 5 9
6 7 10
7 11 10
7 8 11
8 12 11
8 9 12
10 11 13
11 14 13
11 12 14
13 14 15
ZONE N=15, E=16, F=FEPOINT, ET=TRIANGLE
-0.761139 0.315274 0 0 0 
-0.806825 0.319025 0 0 0 
-0.852511 0.322777 0 0 0 
-0.898197 0.326528 0 0 0 
-0.943883 0.330279 0 0 0 
-0.78553 0.298303 0 0 0 
-0.831216 0.302054 0 0 0 
-0.876902 0.305805 0 0 0 
-0.922588 0.309556 0 0 0 
-0.80992 0.281331 0 0 0 
-0.855606 0.285082 0 0 0 
-0.901292 0.288833 0 0 0 
-0.834311 0.264359 0 0 0 
-0.879997 0.26811 0 0 0 
-0.858701 0.247388 0 0 0 
1 2 6
2 7 6
2 3 7
3 8 7
3 4 8
4 9 8
4 5 9
6 7 10
7 11 10
7 8 11
8 12 11
8 9 12
10 11 13
11 14 13
11 12 14
13 14 15
ZONE N=15, E=16, F=FEPOINT, ET=TRIANGLE
-0.846724 -0.532032 0 0 0 
-0.83147 -0.55557 0 0 0 
-0.815561 -0.578671 0 0 0 
-0.79901 -0.601317 0 0 0 
-0.781831 -0.62349 0 0 0 
-0.815397 -0.526992 0 0 0 
-0.799818 -0.550309 0 0 0 
-0.78359 -0.573179 0 0 0 
-0.766728 -0.595585 0 0 0 
-0.78407 -0.521952 0 0 0 
-0.768168 -0.545044 0 0 0 
-0.751624 -0.567681 0 0 0 
-0.752743 -0.516912 0 0 0 
-0.73652 -0.539776 0 0 0 
-0.721416 -0.511872 0 0 0 
1 2 6
2 7 6
2 3 7
3 8 7
3 4 8
4 9 8
4 5 9
6 7 10
7 11 10
7 8 11
8 12 11
8 9 12
10 11 13
11 14 13
11 12 14
13 14 15
ZONE N=15, E=16, F=FEPOINT, ET=TRIANGLE
-0.817231 -0.338508 0 0 0 
-0.856655 -0.309511 0 0 0 
-0.896079 -0.280515 0 0 0 
-0.935504 -0.251518 0 0 0 
-0.974928 -0.222521 0 0 0 
-0.848894 -0.336451 0 0 0 
-0.888696 -0.307563 0 0 0 
-0.928499 -0.278671 0 0 0 
-0.968304 -0.249776 0 0 0 
-0.880557 -0.334394 0 0 0 
-0.920736 -0.305618 0 0 0 
-0.960917 -0.276836 0 0 0 
-0.91222 -0.332336 0 0 0 
-0.952775 -0.303677 0 0 0 
-0.943883 -0.330279 0 0 0 
1 2 6
2 7 6
2 3 7
3 8 7
3 4 8
4 9 8
4 5 9
6 7 10
7 11 10
7 8 11
8 12 11
8 9 12
10 11 13
11 14 13
11 12 14
13 14 15
ZONE N=15, E=16, F=FEPOINT, ET=TRIANGLE
-0.858701 0.247388 0 0 0 
-0.879997 0.26811 0 0 0 
-0.901292 0.288833 0 0 0 
-0.922588 0.309556 0 0 0 
-0.943883 0.330279 0 0 0 
-0.887758 0.241171 0 0 0 
-0.909431 0.262003 0 0 0 
-0.931104 0.282838 0 0 0 
-0.952775 0.303677 0 0 0 
-0.916815 0.234954 0 0 0 
-0.938867 0.255891 0 0 0 
-0.960917 0.276836 0 0 0 
-0.945871 0.228738 0 0 0 
-0.968304 0.249776 0 0 0 
-0.974928 0.222521 0 0 0 
1 2 6
2 7 6
2 3 7
3 8 7
3 4 8
4 9 8
4 5 9
6 7 10
7 11 10
7 8 11
8 12 11
8 9 12
10 11 13
11 14 13
11 12 14
13 14 15
ZONE N=15, E=16, F=FEPOINT, ET=TRIANGLE
-0.222521 -0.974928 0 0 0 
-0.203933 -0.949213 0 0 0 
-0.185345 -0.923497 0 0 0 
-0.166758 -0.897782 0 0 0 
-0.14817 -0.872066 0 0 0 
-0.251518 -0.935504 0 0 0 
-0.23293 -0.909788 0 0 0 
-0.214342 -0.884073 0 0 0 
-0.195755 -0.858358 0 0 0 
-0.280515 -0.896079 0 0 0 
-0.261927 -0.870364 0 0 0 
-0.243339 -0.844649 0 0 0 
-0.309511 -0.856655 0 0 0 
-0.290924 -0.83094 0 0 0 
-0.338508 -0.817231 0 0 0 
1 2 6
2 7 6
2 3 7
3 8 7
3 4 8
4 9 8
4 5 9
6 7 10
7 11 10
7 8 11
8 12 11
8 9 12
10 11 13
11 14 13
11 12 14
13 14 15
ZONE N=15, E=16, F=FEPOINT, ET=TRIANGLE
-0.761139 0.315274 0 0 0 
-0.766385 0.344522 0 0 0 
-0.771631 0.373769 0 0 0 
-0.776877 0.403017 0 0 0 
-0.782123 0.432264 0 0 0 
-0.796097 0.344927 0 0 0 
-0.801343 0.374174 0 0 0 
-0.806589 0.403422 0 0 0 
-0.811835 0.432669 0 0 0 
-0.831054 0.374579 0 0 0 
-0.8363 0.403826 0 0 0 
-0.841546 0.433074 0 0 0 
-0.866012 0.404231 0 0 0 
-0.871257 0.433479 0 0 0 
-0.900969 0.433884 0 0 0 
1 2 6
2 7 6
2 3 7
3 8 7
3 4 8
4 9 8
4 5 9
6 7 10
7 11 10
7 8 11
8 12 11
8 9 12
10 11 13
11 14 13
11 12 14
13 14 15
ZONE N=15, E=16, F=FEPOINT, ET=TRIANGLE
-0.943883 0.330279 0 0 0 
-0.898197 0.326528 0 0 0 
-0.852511 0.322777 0 0 0 
-0.806825 0.319025 0 0 0 
-0.761139 0.315274 0 0 0 
-0.934249 0.356622 0 0 0 
-0.888197 0.352727 0 0 0 
-0.842146 0.348828 0 0 0 
-0.796097 0.344927 0 0 0 
-0.92388 0.382683 0 0 0 
-0.877465 0.378635 0 0 0 
-0.831054 0.374579 0 0 0 
-0.912783 0.408444 0 0 0 
-0.866012 0.404231 0 0 0 
-0.900969 0.433884 0 0 0 
1 2 6
2 7 6
2 3 7
3 8 7
3 4 8
4 9 8
4 5 9
6 7 10
7 11 10
7 8 11
8 12 11
8 9 12
10 11 13
11 14 13
11 12 14
13 14 15
ZONE N=15, E=16, F=FEPOINT, ET=TRIANGLE
-1 1.249e-16 0 0 0 
-0.999607 -0.0280463 0 0 0 
-0.998427 -0.0560704 0 0 0 
-0.996461 -0.0840505 0 0 0 
-0.993712 -0.111964 0 0 0 
-0.970793 -0.0123995 0 0 0 
-0.970007 -0.040431 0 0 0 
-0.968434 -0.0684295 0 0 0 
-0.966077 -0.0963728 0 0 0 
-0.941586 -0.024799 0 0 0 
-0.940407 -0.0528121 0 0 0 
-0.938442 -0.0807812 0 0 0 
-0.91238 -0.0371984 0 0 0 
-0.910808 -0.0651896 0 0 0 
-0.883173 -0.0495979 0 0 0 
1 2 6
2 7 6
2 3 7
3 8 7
3 4 8
4 9 8
4 5 9
6 7 10
7 11 10
7 8 11
8 12 11
8 9 12
10 11 13
11 14 13
11 12 14
13 14 15
ZONE N=15, E=16, F=FEPOINT, ET=TRIANGLE
-0.883173 -0.0495979 0 0 0 
-0.906112 -0.0928287 0 0 0 
-0.92905 -0.136059 0 0 0 
-0.951989 -0.17929 0 0 0 
-0.974928 -0.222521 0 0 0 
-0.859463 -0.0706843 0 0 0 
-0.882402 -0.113915 0 0 0 
-0.905341 -0.157146 0 0 0 
-0.928279 -0.200377 0 0 0 
-0.835753 -0.0917706 0 0 0 
-0.858692 -0.135001 0 0 0 
-0.881631 -0.178232 0 0 0 
-0.812044 -0.112857 0 0 0 
-0.834982 -0.156088 0 0 0 
-0.788334 -0.133943 0 0 0 
1 2 6
2 7 6
2 3 7
3 8 7
3 4 8
4 9 8
4 5 9
6 7 10
7 11 10
7 8 11
8 12 11
8 9 12
10 11 13
11 14 13
11 12 14
13 14 15
ZONE N=15, E=16, F=FEPOINT, ET=TRIANGLE
-0.858701 0.247388 0 0 0 
-0.892454 0.213532 0 0 0 
-0.926207 0.179676 0 0 0 
-0.95996 0.14582 0 0 0 
-0.993712 0.111964 0 0 0 
-0.84111 0.219027 0 0 0 
-0.874862 0.185171 0 0 0 
-0.908615 0.151315 0 0 0 
-0.942368 0.117459 0 0 0 
-0.823518 0.190665 0 0 0 
-0.85727 0.15681 0 0 0 
-0.891023 0.122954 0 0 0 
-0.805926 0.162304 0 0 0 
-0.839679 0.128449 0 0 0 
-0.788334 0.133943 0 0 0 
1 2 6
2 7 6
2 3 7
3 8 7
3 4 8
4 9 8
4 5 9
6 7 10
7 11 10
7 8 11
8 12 11
8 9 12
10 11 13
11 14 13
11 12 14
13 14 15
ZONE N=15, E=16, F=FEPOINT, ET=TRIANGLE
-0.781831 0.62349 0 0 0 
-0.751266 0.614974 0 0 0 
-0.7207 0.606458 0 0 0 
-0.690134 0.597942 0 0 0 
-0.659568 0.589426 0 0 0 
-0.764037 0.645172 0 0 0 
-0.733174 0.6364 0 0 0 
-0.702312 0.627624 0 0 0 
-0.671453 0.618847 0 0 0 
-0.745642 0.666347 0 0 0 
-0.714487 0.657309 0 0 0 
-0.683338 0.648267 0 0 0 
-0.72666 0.686997 0 0 0 
-0.695222 0.677687 0 0 0 
-0.707107 0.707107 0 0 0 
1 2 6
2 7 6
2 3 7
3 8 7
3 4 8
4 9 8
4 5 9
6 7 10
7 11 10
7 8 11
8 12 11
8 9 12
10 11 13
11 14 13
11 12 14
13 14 15
ZONE N=15, E=16, F=FEPOINT, ET=TRIANGLE
-0.517116 0.728807 0 0 0 
-0.520845 0.758286 0 0 0 
-0.524574 0.787766 0 0 0 
-0.528303 0.817245 0 0 0 
-0.532032 0.846724 0 0 0 
-0.54371 0.742063 0 0 0 
-0.547666 0.771863 0 0 0 
-0.55162 0.801665 0 0 0 
-0.55557 0.83147 0 0 0 
-0.570303 0.755319 0 0 0 
-0.57449 0.785438 0 0 0 
-0.578671 0.815561 0 0 0 
-0.596896 0.768575 0 0 0 
-0.601317 0.79901 0 0 0 
-0.62349 0.781831 0 0 0 
1 2 6
2 7 6
2 3 7
3 8 7
3 4 8
4 9 8
4 5 9
6 7 10
7 11 10
7 8 11
8 12 11
8 9 12
10 11 13
11 14 13
11 12 14
13 14 15
ZONE N=15, E=16, F=FEPOINT, ET=TRIANGLE
-0.517116 0.728807 0 0 0 
-0.564614 0.723382 0 0 0 
-0.612111 0.717957 0 0 0 
-0.659609 0.712532 0 0 0 
-0.707107 0.707107 0 0 0 
-0.552729 0.693962 0 0 0 
-0.600227 0.688537 0 0 0 
-0.647725 0.683112 0 0 0 
-0.695222 0.677687 0 0 0 
-0.588342 0.659117 0 0 0 
-0.63584 0.653692 0 0 0 
-0.683338 0.648267 0 0 0 
-0.623955 0.624272 0 0 0 
-0.671453 0.618847 0 0 0 
-0.659568 0.589426 0 0 0 
1 2 6
2 7 6
2 3 7
3 8 7
3 4 8
4 9 8
4 5 9
6 7 10
7 11 10
7 8 11
8 12 11
8 9 12
10 11 13
11 14 13
11 12 14
13 14 15
ZONE N=15, E=16, F=FEPOINT, ET=TRIANGLE
-0.532032 0.846724 0 0 0 
-0.498652 0.815307 0 0 0 
-0.465272 0.783889 0 0 0 
-0.431892 0.752472 0 0 0 
-0.398512 0.721054 0 0 0 
-0.508075 0.861313 0 0 0 
-0.474499 0.829554 0 0 0 
-0.440925 0.797795 0 0 0 
-0.407355 0.766033 0 0 0 
-0.483719 0.875223 0 0 0 
-0.449955 0.843119 0 0 0 
-0.416198 0.811011 0 0 0 
-0.458982 0.888446 0 0 0 
-0.425041 0.85599 0 0 0 
-0.433884 0.900969 0 0 0 
1 2 6
2 7 6
2 3 7
3 8 7
3 4 8
4 9 8
4 5 9
6 7 10
7 11 10
7 8 11
8 12 11
8 9 12
10 11 13
11 14 13
11 12 14
13 14 15
ZONE N=15, E=16, F=FEPOINT, ET=TRIANGLE
-0.244879 0.849993 0 0 0 
-0.29213 0.862737 0 0 0 
-0.339381 0.875481 0 0 0 
-0.386633 0.888225 0 0 0 
-0.433884 0.900969 0 0 0 
-0.283287 0.817758 0 0 0 
-0.330538 0.830502 0 0 0 
-0.37779 0.843246 0 0 0 
-0.425041 0.85599 0 0 0 
-0.321696 0.785524 0 0 0 
-0.368947 0.798268 0 0 0 
-0.416198 0.811011 0 0 0 
-0.360104 0.753289 0 0 0 
-0.407355 0.766033 0 0 0 
-0.398512 0.721054 0 0 0 
1 2 6
2 7 6
2 3 7
3 8 7
3 4 8
4 9 8
4 5 9
6 7 10
7 11 10
7 8 11
8 12 11
8 9 12
10 11 13
11 14 13
11 12 14
13 14 15
ZONE N=15, E=16, F=FEPOINT, ET=TRIANGLE
-0.222521 0.974928 0 0 0 
-0.249776 0.968304 0 0 0 
-0.276836 0.960917 0 0 0 
-0.303677 0.952775 0 0 0 
-0.330279 0.943883 0 0 0 
-0.22811 0.943694 0 0 0 
-0.255264 0.93669 0 0 0 
-0.282211 0.928927 0 0 0 
-0.308929 0.920411 0 0 0 
-0.2337 0.912461 0 0 0 
-0.260748 0.905077 0 0 0 
-0.287579 0.896938 0 0 0 
-0.239289 0.881227 0 0 0 
-0.266229 0.873466 0 0 0 
-0.244879 0.849993 0 0 0 
1 2 6
2 7 6
2 3 7
3 8 7
3 4 8
4 9 8
4 5 9
6 7 10
7 11 10
7 8 11
8 12 11
8 9 12
10 11 13
11 14 13
11 12 14
13 14 15
ZONE N=15, E=16, F=FEPOINT, ET=TRIANGLE
0.433884 -0.900969 0 0 0 
0.458982 -0.888446 0 0 0 
0.483719 -0.875223 0 0 0 
0.508075 -0.861313 0 0 0 
0.532032 -0.846724 0 0 0 
0.453381 -0.856081 0 0 0 
0.478295 -0.84321 0 0 0 
0.502839 -0.829645 0 0 0 
0.526992 -0.815397 0 0 0 
0.472878 -0.811192 0 0 0 
0.497605 -0.797976 0 0 0 
0.521952 -0.78407 0 0 0 
0.492375 -0.766304 0 0 0 
0.516912 -0.752743 0 0 0 
0.511872 -0.721416 0 0 0 
1 2 6
2 7 6
2 3 7
3 8 7
3 4 8
4 9 8
4 5 9
6 7 10
7 11 10
7 8 11
8 12 11
8 9 12
10 11 13
11 14 13
11 12 14
13 14 15
ZONE N=15, E=16, F=FEPOINT, ET=TRIANGLE
-0.532032 0.846724 0 0 0 
-0.528303 0.817245 0 0 0 
-0.524574 0.787766 0 0 0 
-0.520845 0.758286 0 0 0 
-0.517116 0.728807 0 0 0 
-0.498652 0.815307 0 0 0 
-0.494923 0.785827 0 0 0 
-0.491194 0.756348 0 0 0 
-0.487465 0.726869 0 0 0 
-0.465272 0.783889 0 0 0 
-0.461543 0.75441 0 0 0 
-0.457814 0.724931 0 0 0 
-0.431892 0.752472 0 0 0 
-0.428163 0.722992 0 0 0 
-0.398512 0.721054 0 0 0 
1 2 6
2 7 6
2 3 7
3 8 7
3 4 8
4 9 8
4 5 9
6 7 10
7 11 10
7 8 11
8 12 11
8 9 12
10 11 13
11 14 13
11 12 14
13 14 15
ZONE N=15, E=16, F=FEPOINT, ET=TRIANGLE
-0.974928 -0.222521 0 0 0 
-0.951989 -0.17929 0 0 0 
-0.92905 -0.136059 0 0 0 
-0.906112 -0.0928287 0 0 0 
-0.883173 -0.0495979 0 0 0 
-0.980785 -0.19509 0 0 0 
-0.95746 -0.151786 0 0 0 
-0.934134 -0.108486 0 0 0 
-0.910808 -0.0651896 0 0 0 
-0.985871 -0.167506 0 0 0 
-0.962157 -0.12414 0 0 0 
-0.938442 -0.0807812 0 0 0 
-0.990181 -0.13979 0 0 0 
-0.966077 -0.0963728 0 0 0 
-0.993712 -0.111964 0 0 0 
1 2 6
2 7 6
2 3 7
3 8 7
3 4 8
4 9 8
4 5 9
6 7 10
7 11 10
7 8 11
8 12 11
8 9 12
10 11 13
11 14 13
11 12 14
13 14 15
ZONE N=15, E=16, F=FEPOINT, ET=TRIANGLE
0.133943 -0.788334 0 0 0 
0.112857 -0.812044 0 0 0 
0.0917706 -0.835753 0 0 0 
0.0706843 -0.859463 0 0 0 
0.0495979 -0.883173 0 0 0 
0.156088 -0.834982 0 0 0 
0.135001 -0.858692 0 0 0 
0.113915 -0.882402 0 0 0 
0.0928287 -0.906112 0 0 0 
0.178232 -0.881631 0 0 0 
0.157146 -0.905341 0 0 0 
0.136059 -0.92905 0 0 0 
0.200377 -0.928279 0 0 0 
0.17929 -0.951989 0 0 0 
0.222521 -0.974928 0 0 0 
1 2 6
2 7 6
2 3 7
3 8 7
3 4 8
4 9 8
4 5 9
6 7 10
7 11 10
7 8 11
8 12 11
8 9 12
10 11 13
11 14 13
11 12 14
13 14 15
ZONE N=15, E=16, F=FEPOINT, ET=TRIANGLE
0.596239 0.532832 0 0 0 
0.623956 0.576401 0 0 0 
0.651673 0.619969 0 0 0 
0.67939 0.663538 0 0 0 
0.707107 0.707107 0 0 0 
0.575147 0.579978 0 0 0 
0.602864 0.623547 0 0 0 
0.630581 0.667115 0 0 0 
0.658298 0.710684 0 0 0 
0.554056 0.627124 0 0 0 
0.581773 0.670693 0 0 0 
0.609489 0.714261 0 0 0 
0.532964 0.67427 0 0 0 
0.560681 0.717839 0 0 0 
0.511872 0.721416 0 0 0 
1 2 6
2 7 6
2 3 7
3 8 7
3 4 8
4 9 8
4 5 9
6 7 10
7 11 10
7 8 11
8 12 11
8 9 12
10 11 13
11 14 13
11 12 14
13 14 15
ZONE N=15, E=16, F=FEPOINT, ET=TRIANGLE
0.433884 -0.900969 0 0 0 
0.41004 -0.880034 0 0 0 
0.386196 -0.8591 0 0 0 
0.362352 -0.838165 0 0 0 
0.338508 -0.817231 0 0 0 
0.408444 -0.912783 0 0 0 
0.384443 -0.891488 0 0 0 
0.360445 -0.870192 0 0 0 
0.336451 -0.848894 0 0 0 
0.382683 -0.92388 0 0 0 
0.358535 -0.90222 0 0 0 
0.334394 -0.880557 0 0 0 
0.356622 -0.934249 0 0 0 
0.332336 -0.91222 0 0 0 
0.330279 -0.943883 0 0 0 
1 2 6
2 7 6
2 3 7
3 8 7
3 4 8
4 9 8
4 5 9
6 7 10
7 11 10
7 8 11
8 12 11
8 9 12
10 11 13
11 14 13
11 12 14
13 14 15
ZONE N=15, E=16, F=FEPOINT, ET=TRIANGLE
0.511872 -0.721416 0 0 0 
0.539776 -0.73652 0 0 0 
0.567681 -0.751624 0 0 0 
0.595585 -0.766728 0 0 0 
0.62349 -0.781831 0 0 0 
0.560681 -0.717839 0 0 0 
0.588847 -0.733236 0 0 0 
0.617011 -0.748635 0 0 0 
0.645172 -0.764037 0 0 0 
0.609489 -0.714261 0 0 0 
0.637921 -0.729949 0 0 0 
0.666347 -0.745642 0 0 0 
0.658298 -0.710684 0 0 0 
0.686997 -0.72666 0 0 0 
0.707107 -0.707107 0 0 0 
1 2 6
2 7 6
2 3 7
3 8 7
3 4 8
4 9 8
4 5 9
6 7 10
7 11 10
7 8 11
8 12 11
8 9 12
10 11 13
11 14 13
11 12 14
13 14 15
ZONE N=15, E=16, F=FEPOINT, ET=TRIANGLE
0.532032 -0.846724 0 0 0 
0.55557 -0.83147 0 0 0 
0.578671 -0.815561 0 0 0 
0.601317 -0.79901 0 0 0 
0.62349 -0.781831 0 0 0 
0.526992 -0.815397 0 0 0 
0.550309 -0.799818 0 0 0 
0.573179 -0.78359 0 0 0 
0.595585 -0.766728 0 0 0 
0.521952 -0.78407 0 0 0 
0.545044 -0.768168 0 0 0 
0.567681 -0.751624 0 0 0 
0.516912 -0.752743 0 0 0 
0.539776 -0.73652 0 0 0 
0.511872 -0.721416 0 0 0 
1 2 6
2 7 6
2 3 7
3 8 7
3 4 8
4 9 8
4 5 9
6 7 10
7 11 10
7 8 11
8 12 11
8 9 12
10 11 13
11 14 13
11 12 14
13 14 15
ZONE N=15, E=16, F=FEPOINT, ET=TRIANGLE
0.338508 -0.817231 0 0 0 
0.362352 -0.838165 0 0 0 
0.386196 -0.8591 0 0 0 
0.41004 -0.880034 0 0 0 
0.433884 -0.900969 0 0 0 
0.381849 -0.793277 0 0 0 
0.405693 -0.814212 0 0 0 
0.429537 -0.835146 0 0 0 
0.453381 -0.856081 0 0 0 
0.42519 -0.769324 0 0 0 
0.449034 -0.790258 0 0 0 
0.472878 -0.811192 0 0 0 
0.468531 -0.74537 0 0 0 
0.492375 -0.766304 0 0 0 
0.511872 -0.721416 0 0 0 
1 2 6
2 7 6
2 3 7
3 8 7
3 4 8
4 9 8
4 5 9
6 7 10
7 11 10
7 8 11
8 12 11
8 9 12
10 11 13
11 14 13
11 12 14
13 14 15
ZONE N=15, E=16, F=FEPOINT, ET=TRIANGLE
0.330279 -0.943883 0 0 0 
0.332336 -0.91222 0 0 0 
0.334394 -0.880557 0 0 0 
0.336451 -0.848894 0 0 0 
0.338508 -0.817231 0 0 0 
0.303677 -0.952775 0 0 0 
0.305618 -0.920736 0 0 0 
0.307563 -0.888696 0 0 0 
0.309511 -0.856655 0 0 0 
0.276836 -0.960917 0 0 0 
0.278671 -0.928499 0 0 0 
0.280515 -0.896079 0 0 0 
0.249776 -0.968304 0 0 0 
0.251518 -0.935504 0 0 0 
0.222521 -0.974928 0 0 0 
1 2 6
2 7 6
2 3 7
3 8 7
3 4 8
4 9 8
4 5 9
6 7 10
7 11 10
7 8 11
8 12 11
8 9 12
10 11 13
11 14 13
11 12 14
13 14 15
ZONE N=15, E=16, F=FEPOINT, ET=TRIANGLE
0.728807 -0.517116 0 0 0 
0.70018 -0.52508 0 0 0 
0.671553 -0.533043 0 0 0 
0.642926 -0.541007 0 0 0 
0.614298 -0.548971 0 0 0 
0.742063 -0.54371 0 0 0 
0.713436 -0.551673 0 0 0 
0.684809 -0.559637 0 0 0 
0.656182 -0.5676 0 0 0 
0.755319 -0.570303 0 0 0 
0.726692 -0.578267 0 0 0 
0.698065 -0.58623 0 0 0 
0.768575 -0.596896 0 0 0 
0.739948 -0.60486 0 0 0 
0.781831 -0.62349 0 0 0 
1 2 6
2 7 6
2 3 7
3 8 7
3 4 8
4 9 8
4 5 9
6 7 10
7 11 10
7 8 11
8 12 11
8 9 12
10 11 13
11 14 13
11 12 14
13 14 15
ZONE N=15, E=16, F=FEPOINT, ET=TRIANGLE
-0.781831 0.62349 0 0 0 
-0.79901 0.601317 0 0 0 
-0.815561 0.578671 0 0 0 
-0.83147 0.55557 0 0 0 
-0.846724 0.532032 0 0 0 
-0.781904 0.575683 0 0 0 
-0.798767 0.553277 0 0 0 
-0.814994 0.530407 0 0 0 
-0.830574 0.50709 0 0 0 
-0.781977 0.527877 0 0 0 
-0.798521 0.50524 0 0 0 
-0.814424 0.482148 0 0 0 
-0.78205 0.480071 0 0 0 
-0.798273 0.457206 0 0 0 
-0.782123 0.432264 0 0 0 
1 2 6
2 7 6
2 3 7
3 8 7
3 4 8
4 9 8
4 5 9
6 7 10
7 11 10
7 8 11
8 12 11
8 9 12
10 11 13
11 14 13
11 12 14
13 14 15
ZONE N=15, E=16, F=FEPOINT, ET=TRIANGLE
0.817231 -0.338508 0 0 0 
0.795125 -0.38316 0 0 0 
0.773019 -0.427812 0 0 0 
0.750913 -0.472464 0 0 0 
0.728807 -0.517116 0 0 0 
0.838165 -0.362352 0 0 0 
0.816059 -0.407004 0 0 0 
0.793953 -0.451656 0 0 0 
0.771847 -0.496308 0 0 0 
0.8591 -0.386196 0 0 0 
0.836994 -0.430848 0 0 0 
0.814888 -0.4755 0 0 0 
0.880034 -0.41004 0 0 0 
0.857928 -0.454692 0 0 0 
0.900969 -0.433884 0 0 0 
1 2 6
2 7 6
2 3 7
3 8 7
3 4 8
4 9 8
4 5 9
6 7 10
7 11 10
7 8 11
8 12 11
8 9 12
10 11 13
11 14 13
11 12 14
13 14 15
ZONE N=15, E=16, F=FEPOINT, ET=TRIANGLE
0.943883 -0.330279 0 0 0 
0.91222 -0.332336 0 0 0 
0.880557 -0.334394 0 0 0 
0.848894 -0.336451 0 0 0 
0.817231 -0.338508 0 0 0 
0.934249 -0.356622 0 0 0 
0.90222 -0.358535 0 0 0 
0.870192 -0.360445 0 0 0 
0.838165 -0.362352 0 0 0 
0.92388 -0.382683 0 0 0 
0.891488 -0.384443 0 0 0 
0.8591 -0.386196 0 0 0 
0.912783 -0.408444 0 0 0 
0.880034 -0.41004 0 0 0 
0.900969 -0.433884 0 0 0 
1 2 6
2 7 6
2 3 7
3 8 7
3 4 8
4 9 8
4 5 9
6 7 10
7 11 10
7 8 11
8 12 11
8 9 12
10 11 13
11 14 13
11 12 14
13 14 15
ZONE N=15, E=16, F=FEPOINT, ET=TRIANGLE
0.974928 -0.222521 0 0 0 
0.980785 -0.19509 0 0 0 
0.985871 -0.167506 0 0 0 
0.990181 -0.13979 0 0 0 
0.993712 -0.111964 0 0 0 
0.951989 -0.17929 0 0 0 
0.95746 -0.151786 0 0 0 
0.962157 -0.12414 0 0 0 
0.966077 -0.0963728 0 0 0 
0.92905 -0.136059 0 0 0 
0.934134 -0.108486 0 0 0 
0.938442 -0.0807812 0 0 0 
0.906112 -0.0928287 0 0 0 
0.910808 -0.0651896 0 0 0 
0.883173 -0.0495979 0 0 0 
1 2 6
2 7 6
2 3 7
3 8 7
3 4 8
4 9 8
4 5 9
6 7 10
7 11 10
7 8 11
8 12 11
8 9 12
10 11 13
11 14 13
11 12 14
13 14 15
ZONE N=15, E=16, F=FEPOINT, ET=TRIANGLE
-0.707107 -0.707107 0 0 0 
-0.686997 -0.72666 0 0 0 
-0.666347 -0.745642 0 0 0 
-0.645172 -0.764037 0 0 0 
-0.62349 -0.781831 0 0 0 
-0.677687 -0.695222 0 0 0 
-0.657309 -0.714487 0 0 0 
-0.6364 -0.733174 0 0 0 
-0.614974 -0.751266 0 0 0 
-0.648267 -0.683338 0 0 0 
-0.627624 -0.702312 0 0 0 
-0.606458 -0.7207 0 0 0 
-0.618847 -0.671453 0 0 0 
-0.597942 -0.690134 0 0 0 
-0.589426 -0.659568 0 0 0 
1 2 6
2 7 6
2 3 7
3 8 7
3 4 8
4 9 8
4 5 9
6 7 10
7 11 10
7 8 11
8 12 11
8 9 12
10 11 13
11 14 13
11 12 14
13 14 15
ZONE N=15, E=16, F=FEPOINT, ET=TRIANGLE
0.974928 -0.222521 0 0 0 
0.928279 -0.200377 0 0 0 
0.881631 -0.178232 0 0 0 
0.834982 -0.156088 0 0 0 
0.788334 -0.133943 0 0 0 
0.935504 -0.251518 0 0 0 
0.888855 -0.229373 0 0 0 
0.842207 -0.207229 0 0 0 
0.795558 -0.185085 0 0 0 
0.896079 -0.280515 0 0 0 
0.849431 -0.25837 0 0 0 
0.802782 -0.236226 0 0 0 
0.856655 -0.309511 0 0 0 
0.810007 -0.287367 0 0 0 
0.817231 -0.338508 0 0 0 
1 2 6
2 7 6
2 3 7
3 8 7
3 4 8
4 9 8
4 5 9
6 7 10
7 11 10
7 8 11
8 12 11
8 9 12
10 11 13
11 14 13
11 12 14
13 14 15
ZONE N=15, E=16, F=FEPOINT, ET=TRIANGLE
-0.462724 -0.652149 0 0 0 
-0.480051 -0.700792 0 0 0 
-0.497378 -0.749436 0 0 0 
-0.514705 -0.79808 0 0 0 
-0.532032 -0.846724 0 0 0 
-0.43167 -0.693419 0 0 0 
-0.448997 -0.742063 0 0 0 
-0.466324 -0.790707 0 0 0 
-0.483651 -0.839351 0 0 0 
-0.400616 -0.73469 0 0 0 
-0.417943 -0.783334 0 0 0 
-0.43527 -0.831978 0 0 0 
-0.369562 -0.77596 0 0 0 
-0.386889 -0.824604 0 0 0 
-0.338508 -0.817231 0 0 0 
1 2 6
2 7 6
2 3 7
3 8 7
3 4 8
4 9 8
4 5 9
6 7 10
7 11 10
7 8 11
8 12 11
8 9 12
10 11 13
11 14 13
11 12 14
13 14 15
ZONE N=15, E=16, F=FEPOINT, ET=TRIANGLE
0.846724 -0.532032 0 0 0 
0.817245 -0.528303 0 0 0 
0.787766 -0.524574 0 0 0 
0.758286 -0.520845 0 0 0 
0.728807 -0.517116 0 0 0 
0.83147 -0.55557 0 0 0 
0.801665 -0.55162 0 0 0 
0.771863 -0.547666 0 0 0 
0.742063 -0.54371 0 0 0 
0.815561 -0.578671 0 0 0 
0.785438 -0.57449 0 0 0 
0.755319 -0.570303 0 0 0 
0.79901 -0.601317 0 0 0 
0.768575 -0.596896 0 0 0 
0.781831 -0.62349 0 0 0 
1 2 6
2 7 6
2 3 7
3 8 7
3 4 8
4 9 8
4 5 9
6 7 10
7 11 10
7 8 11
8 12 11
8 9 12
10 11 13
11 14 13
11 12 14
13 14 15
ZONE N=15, E=16, F=FEPOINT, ET=TRIANGLE
-0.900969 0.433884 0 0 0 
-0.871257 0.433479 0 0 0 
-0.841546 0.433074 0 0 0 
-0.811835 0.432669 0 0 0 
-0.782123 0.432264 0 0 0 
-0.888446 0.458982 0 0 0 
-0.858386 0.458393 0 0 0 
-0.828329 0.457801 0 0 0 
-0.798273 0.457206 0 0 0 
-0.875223 0.483719 0 0 0 
-0.844822 0.482937 0 0 0 
-0.814424 0.482148 0 0 0 
-0.861313 0.508075 0 0 0 
-0.830574 0.50709 0 0 0 
-0.846724 0.532032 0 0 0 
1 2 6
2 7 6
2 3 7
3 8 7
3 4 8
4 9 8
4 5 9
6 7 10
7 11 10
7 8 11
8 12 11
8 9 12
10 11 13
11 14 13
11 12 14
13 14 15
ZONE N=15, E=16, F=FEPOINT, ET=TRIANGLE
0.883173 -0.0495979 0 0 0 
0.859463 -0.0706843 0 0 0 
0.835753 -0.0917706 0 0 0 
0.812044 -0.112857 0 0 0 
0.788334 -0.133943 0 0 0 
0.906112 -0.0928287 0 0 0 
0.882402 -0.113915 0 0 0 
0.858692 -0.135001 0 0 0 
0.834982 -0.156088 0 0 0 
0.92905 -0.136059 0 0 0 
0.905341 -0.157146 0 0 0 
0.881631 -0.178232 0 0 0 
0.951989 -0.17929 0 0 0 
0.928279 -0.200377 0 0 0 
0.974928 -0.222521 0 0 0 
1 2 6
2 7 6
2 3 7
3 8 7
3 4 8
4 9 8
4 5 9
6 7 10
7 11 10
7 8 11
8 12 11
8 9 12
10 11 13
11 14 13
11 12 14
13 14 15
ZONE N=15, E=16, F=FEPOINT, ET=TRIANGLE
0.511872 0.721416 0 0 0 
0.516912 0.752743 0 0 0 
0.521952 0.78407 0 0 0 
0.526992 0.815397 0 0 0 
0.532032 0.846724 0 0 0 
0.492375 0.766304 0 0 0 
0.497605 0.797976 0 0 0 
0.502839 0.829645 0 0 0 
0.508075 0.861313 0 0 0 
0.472878 0.811192 0 0 0 
0.478295 0.84321 0 0 0 
0.483719 0.875223 0 0 0 
0.453381 0.856081 0 0 0 
0.458982 0.888446 0 0 0 
0.433884 0.900969 0 0 0 
1 2 6
2 7 6
2 3 7
3 8 7
3 4 8
4 9 8
4 5 9
6 7 10
7 11 10
7 8 11
8 12 11
8 9 12
10 11 13
11 14 13
11 12 14
13 14 15
ZONE N=15, E=16, F=FEPOINT, ET=TRIANGLE
0.900969 0.433884 0 0 0 
0.888446 0.458982 0 0 0 
0.875223 0.483719 0 0 0 
0.861313 0.508075 0 0 0 
0.846724 0.532032 0 0 0 
0.869275 0.432383 0 0 0 
0.856404 0.457297 0 0 0 
0.842839 0.481841 0 0 0 
0.828591 0.505994 0 0 0 
0.83758 0.430882 0 0 0 
0.824363 0.455609 0 0 0 
0.810458 0.479956 0 0 0 
0.805886 0.429381 0 0 0 
0.792325 0.453918 0 0 0 
0.774191 0.42788 0 0 0 
1 2 6
2 7 6
2 3 7
3 8 7
3 4 8
4 9 8
4 5 9
6 7 10
7 11 10
7 8 11
8 12 11
8 9 12
10 11 13
11 14 13
11 12 14
13 14 15
ZONE N=15, E=16, F=FEPOINT, ET=TRIANGLE
1 -1.13104e-15 0 0 0 
0.970793 -0.0123995 0 0 0 
0.941586 -0.024799 0 0 0 
0.91238 -0.0371984 0 0 0 
0.883173 -0.0495979 0 0 0 
0.999607 -0.0280463 0 0 0 
0.970007 -0.040431 0 0 0 
0.940407 -0.0528121 0 0 0 
0.910808 -0.0651896 0 0 0 
0.998427 -0.0560704 0 0 0 
0.968434 -0.0684295 0 0 0 
0.938442 -0.0807812 0 0 0 
0.996461 -0.0840505 0 0 0 
0.966077 -0.0963728 0 0 0 
0.993712 -0.111964 0 0 0 
1 2 6
2 7 6
2 3 7
3 8 7
3 4 8
4 9 8
4 5 9
6 7 10
7 11 10
7 8 11
8 12 11
8 9 12
10 11 13
11 14 13
11 12 14
13 14 15
ZONE N=15, E=16, F=FEPOINT, ET=TRIANGLE
-0.0501061 0.892221 0 0 0 
-0.0260311 0.874805 0 0 0 
-0.00195617 0.857388 0 0 0 
0.0221188 0.839972 0 0 0 
0.0461937 0.822555 0 0 0 
-0.0375795 0.919166 0 0 0 
-0.0135046 0.901749 0 0 0 
0.0105703 0.884333 0 0 0 
0.0346453 0.866917 0 0 0 
-0.025053 0.94611 0 0 0 
-0.000978084 0.928694 0 0 0 
0.0230969 0.911278 0 0 0 
-0.0125265 0.973055 0 0 0 
0.0115484 0.955639 0 0 0 
6.12323e-17 1 0 0 0 
1 2 6
2 7 6
2 3 7
3 8 7
3 4 8
4 9 8
4 5 9
6 7 10
7 11 10
7 8 11
8 12 11
8 9 12
10 11 13
11 14 13
11 12 14
13 14 15
ZONE N=15, E=16, F=FEPOINT, ET=TRIANGLE
0.433884 0.900969 0 0 0 
0.41004 0.880034 0 0 0 
0.386196 0.8591 0 0 0 
0.362352 0.838165 0 0 0 
0.338508 0.817231 0 0 0 
0.453381 0.856081 0 0 0 
0.429537 0.835146 0 0 0 
0.405693 0.814212 0 0 0 
0.381849 0.793277 0 0 0 
0.472878 0.811192 0 0 0 
0.449034 0.790258 0 0 0 
0.42519 0.769324 0 0 0 
0.492375 0.766304 0 0 0 
0.468531 0.74537 0 0 0 
0.511872 0.721416 0 0 0 
1 2 6
2 7 6
2 3 7
3 8 7
3 4 8
4 9 8
4 5 9
6 7 10
7 11 10
7 8 11
8 12 11
8 9 12
10 11 13
11 14 13
11 12 14
13 14 15
ZONE N=15, E=16, F=FEPOINT, ET=TRIANGLE
-0.111964 0.993712 0 0 0 
-0.0964999 0.968339 0 0 0 
-0.0810353 0.942967 0 0 0 
-0.0655707 0.917594 0 0 0 
-0.0501061 0.892221 0 0 0 
-0.0840505 0.996461 0 0 0 
-0.0685565 0.970696 0 0 0 
-0.0530662 0.944931 0 0 0 
-0.0375795 0.919166 0 0 0 
-0.0560704 0.998427 0 0 0 
-0.0405581 0.972269 0 0 0 
-0.025053 0.94611 0 0 0 
-0.0280463 0.999607 0 0 0 
-0.0125265 0.973055 0 0 0 
6.245e-17 1 0 0 0 
1 2 6
2 7 6
2 3 7
3 8 7
3 4 8
4 9 8
4 5 9
6 7 10
7 11 10
7 8 11
8 12 11
8 9 12
10 11 13
11 14 13
11 12 14
13 14 15
ZONE N=15, E=16, F=FEPOINT, ET=TRIANGLE
0.111964 0.993712 0 0 0 
0.0840505 0.996461 0 0 0 
0.0560704 0.998427 0 0 0 
0.0280463 0.999607 0 0 0 
6.245e-17 1 0 0 0 
0.0955218 0.950923 0 0 0 
0.0675784 0.95328 0 0 0 
0.03958 0.954852 0 0 0 
0.0115484 0.955639 0 0 0 
0.0790791 0.908134 0 0 0 
0.05111 0.910098 0 0 0 
0.0230969 0.911278 0 0 0 
0.0626364 0.865345 0 0 0 
0.0346453 0.866917 0 0 0 
0.0461937 0.822555 0 0 0 
1 2 6
2 7 6
2 3 7
3 8 7
3 4 8
4 9 8
4 5 9
6 7 10
7 11 10
7 8 11
8 12 11
8 9 12
10 11 13
11 14 13
11 12 14
13 14 15
ZONE N=15, E=16, F=FEPOINT, ET=TRIANGLE
0.330279 0.943883 0 0 0 
0.332336 0.91222 0 0 0 
0.334394 0.880557 0 0 0 
0.336451 0.848894 0 0 0 
0.338508 0.817231 0 0 0 
0.356622 0.934249 0 0 0 
0.358535 0.90222 0 0 0 
0.360445 0.870192 0 0 0 
0.362352 0.838165 0 0 0 
0.382683 0.92388 0 0 0 
0.384443 0.891488 0 0 0 
0.386196 0.8591 0 0 0 
0.408444 0.912783 0 0 0 
0.41004 0.880034 0 0 0 
0.433884 0.900969 0 0 0 
1 2 6
2 7 6
2 3 7
3 8 7
3 4 8
4 9 8
4 5 9
6 7 10
7 11 10
7 8 11
8 12 11
8 9 12
10 11 13
11 14 13
11 12 14
13 14 15
ZONE N=15, E=16, F=FEPOINT, ET=TRIANGLE
0.774191 0.42788 0 0 0 
0.795319 0.382757 0 0 0 
0.816446 0.337634 0 0 0 
0.837574 0.292511 0 0 0 
0.858701 0.247388 0 0 0 
0.805886 0.429381 0 0 0 
0.827013 0.384258 0 0 0 
0.848141 0.339135 0 0 0 
0.869268 0.294012 0 0 0 
0.83758 0.430882 0 0 0 
0.858708 0.385759 0 0 0 
0.879835 0.340636 0 0 0 
0.869275 0.432383 0 0 0 
0.890402 0.38726 0 0 0 
0.900969 0.433884 0 0 0 
1 2 6
2 7 6
2 3 7
3 8 7
3 4 8
4 9 8
4 5 9
6 7 10
7 11 10
7 8 11
8 12 11
8 9 12
10 11 13
11 14 13
11 12 14
13 14 15
ZONE N=15, E=16, F=FEPOINT, ET=TRIANGLE
-0.14817 -0.872066 0 0 0 
-0.139119 -0.902478 0 0 0 
-0.130067 -0.932889 0 0 0 
-0.121016 -0.963301 0 0 0 
-0.111964 -0.993712 0 0 0 
-0.111128 -0.90405 0 0 0 
-0.102098 -0.934854 0 0 0 
-0.0930725 -0.965658 0 0 0 
-0.0840505 -0.996461 0 0 0 
-0.074085 -0.936033 0 0 0 
-0.0650741 -0.96723 0 0 0 
-0.0560704 -0.998427 0 0 0 
-0.0370425 -0.968017 0 0 0 
-0.0280463 -0.999607 0 0 0 
-1.94289e-16 -1 0 0 0 
1 2 6
2 7 6
2 3 7
3 8 7
3 4 8
4 9 8
4 5 9
6 7 10
7 11 10
7 8 11
8 12 11
8 9 12
10 11 13
11 14 13
11 12 14
13 14 15
ZONE N=15, E=16, F=FEPOINT, ET=TRIANGLE
0.858701 0.247388 0 0 0 
0.847079 0.220041 0 0 0 
0.835456 0.192694 0 0 0 
0.823834 0.165347 0 0 0 
0.812211 0.138 0 0 0 
0.887758 0.241171 0 0 0 
0.876136 0.213824 0 0 0 
0.864513 0.186477 0 0 0 
0.85289 0.15913 0 0 0 
0.916815 0.234954 0 0 0 
0.905192 0.207607 0 0 0 
0.89357 0.180261 0 0 0 
0.945871 0.228738 0 0 0 
0.934249 0.201391 0 0 0 
0.974928 0.222521 0 0 0 
1 2 6
2 7 6
2 3 7
3 8 7
3 4 8
4 9 8
4 5 9
6 7 10
7 11 10
7 8 11
8 12 11
8 9 12
10 11 13
11 14 13
11 12 14
13 14 15
ZONE N=15, E=16, F=FEPOINT, ET=TRIANGLE
-0.788334 0.133943 0 0 0 
-0.839679 0.128449 0 0 0 
-0.891023 0.122954 0 0 0 
-0.942368 0.117459 0 0 0 
-0.993712 0.111964 0 0 0 
-0.812044 0.088058 0 0 0 
-0.863388 0.0825633 0 0 0 
-0.914733 0.0770686 0 0 0 
-0.966077 0.0715739 0 0 0 
-0.835753 0.0421727 0 0 0 
-0.887098 0.036678 0 0 0 
-0.938442 0.0311833 0 0 0 
-0.859463 -0.00371261 0 0 0 
-0.910808 -0.00920732 0 0 0 
-0.883173 -0.0495979 0 0 0 
1 2 6
2 7 6
2 3 7
3 8 7
3 4 8
4 9 8
4 5 9
6 7 10
7 11 10
7 8 11
8 12 11
8 9 12
10 11 13
11 14 13
11 12 14
13 14 15
ZONE N=15, E=16, F=FEPOINT, ET=TRIANGLE
0.62349 0.781831 0 0 0 
0.601317 0.79901 0 0 0 
0.578671 0.815561 0 0 0 
0.55557 0.83147 0 0 0 
0.532032 0.846724 0 0 0 
0.595585 0.766728 0 0 0 
0.573179 0.78359 0 0 0 
0.550309 0.799818 0 0 0 
0.526992 0.815397 0 0 0 
0.567681 0.751624 0 0 0 
0.545044 0.768168 0 0 0 
0.521952 0.78407 0 0 0 
0.539776 0.73652 0 0 0 
0.516912 0.752743 0 0 0 
0.511872 0.721416 0 0 0 
1 2 6
2 7 6
2 3 7
3 8 7
3 4 8
4 9 8
4 5 9
6 7 10
7 11 10
7 8 11
8 12 11
8 9 12
10 11 13
11 14 13
11 12 14
13 14 15
ZONE N=15, E=16, F=FEPOINT, ET=TRIANGLE
-0.721416 -0.511872 0 0 0 
-0.73652 -0.539776 0 0 0 
-0.751624 -0.567681 0 0 0 
-0.766728 -0.595585 0 0 0 
-0.781831 -0.62349 0 0 0 
-0.717839 -0.560681 0 0 0 
-0.733236 -0.588847 0 0 0 
-0.748635 -0.617011 0 0 0 
-0.764037 -0.645172 0 0 0 
-0.714261 -0.609489 0 0 0 
-0.729949 -0.637921 0 0 0 
-0.745642 -0.666347 0 0 0 
-0.710684 -0.658298 0 0 0 
-0.72666 -0.686997 0 0 0 
-0.707107 -0.707107 0 0 0 
1 2 6
2 7 6
2 3 7
3 8 7
3 4 8
4 9 8
4 5 9
6 7 10
7 11 10
7 8 11
8 12 11
8 9 12
10 11 13
11 14 13
11 12 14
13 14 15
ZONE N=15, E=16, F=FEPOINT, ET=TRIANGLE
0.62349 0.781831 0 0 0 
0.595585 0.766728 0 0 0 
0.567681 0.751624 0 0 0 
0.539776 0.73652 0 0 0 
0.511872 0.721416 0 0 0 
0.645172 0.764037 0 0 0 
0.617011 0.748635 0 0 0 
0.588847 0.733236 0 0 0 
0.560681 0.717839 0 0 0 
0.666347 0.745642 0 0 0 
0.637921 0.729949 0 0 0 
0.609489 0.714261 0 0 0 
0.686997 0.72666 0 0 0 
0.658298 0.710684 0 0 0 
0.707107 0.707107 0 0 0 
1 2 6
2 7 6
2 3 7
3 8 7
3 4 8
4 9 8
4 5 9
6 7 10
7 11 10
7 8 11
8 12 11
8 9 12
10 11 13
11 14 13
11 12 14
13 14 15
ZONE N=15, E=16, F=FEPOINT, ET=TRIANGLE
0.707107 0.707107 0 0 0 
0.67939 0.663538 0 0 0 
0.651673 0.619969 0 0 0 
0.623956 0.576401 0 0 0 
0.596239 0.532832 0 0 0 
0.72666 0.686997 0 0 0 
0.698655 0.643161 0 0 0 
0.670647 0.599327 0 0 0 
0.642637 0.555496 0 0 0 
0.745642 0.666347 0 0 0 
0.717341 0.622251 0 0 0 
0.689035 0.578161 0 0 0 
0.764037 0.645172 0 0 0 
0.735433 0.600825 0 0 0 
0.781831 0.62349 0 0 0 
1 2 6
2 7 6
2 3 7
3 8 7
3 4 8
4 9 8
4 5 9
6 7 10
7 11 10
7 8 11
8 12 11
8 9 12
10 11 13
11 14 13
11 12 14
13 14 15
ZONE N=15, E=16, F=FEPOINT, ET=TRIANGLE
-0.788334 -0.133943 0 0 0 
-0.834982 -0.156088 0 0 0 
-0.881631 -0.178232 0 0 0 
-0.928279 -0.200377 0 0 0 
-0.974928 -0.222521 0 0 0 
-0.795558 -0.185085 0 0 0 
-0.842207 -0.207229 0 0 0 
-0.888855 -0.229373 0 0 0 
-0.935504 -0.251518 0 0 0 
-0.802782 -0.236226 0 0 0 
-0.849431 -0.25837 0 0 0 
-0.896079 -0.280515 0 0 0 
-0.810007 -0.287367 0 0 0 
-0.856655 -0.309511 0 0 0 
-0.817231 -0.338508 0 0 0 
1 2 6
2 7 6
2 3 7
3 8 7
3 4 8
4 9 8
4 5 9
6 7 10
7 11 10
7 8 11
8 12 11
8 9 12
10 11 13
11 14 13
11 12 14
13 14 15
ZONE N=15, E=16, F=FEPOINT, ET=TRIANGLE
-0.589426 -0.659568 0 0 0 
-0.597942 -0.690134 0 0 0 
-0.606458 -0.7207 0 0 0 
-0.614974 -0.751266 0 0 0 
-0.62349 -0.781831 0 0 0 
-0.575078 -0.706357 0 0 0 
-0.583821 -0.737244 0 0 0 
-0.592568 -0.768128 0 0 0 
-0.601317 -0.79901 0 0 0 
-0.560729 -0.753146 0 0 0 
-0.569697 -0.784356 0 0 0 
-0.578671 -0.815561 0 0 0 
-0.546381 -0.799935 0 0 0 
-0.55557 -0.83147 0 0 0 
-0.532032 -0.846724 0 0 0 
1 2 6
2 7 6
2 3 7
3 8 7
3 4 8
4 9 8
4 5 9
6 7 10
7 11 10
7 8 11
8 12 11
8 9 12
10 11 13
11 14 13
11 12 14
13 14 15
ZONE N=15, E=16, F=FEPOINT, ET=TRIANGLE
0.974928 0.222521 0 0 0 
0.968304 0.249776 0 0 0 
0.960917 0.276836 0 0 0 
0.952775 0.303677 0 0 0 
0.943883 0.330279 0 0 0 
0.945871 0.228738 0 0 0 
0.938867 0.255891 0 0 0 
0.931104 0.282838 0 0 0 
0.922588 0.309556 0 0 0 
0.916815 0.234954 0 0 0 
0.909431 0.262003 0 0 0 
0.901292 0.288833 0 0 0 
0.887758 0.241171 0 0 0 
0.879997 0.26811 0 0 0 
0.858701 0.247388 0 0 0 
1 2 6
2 7 6
2 3 7
3 8 7
3 4 8
4 9 8
4 5 9
6 7 10
7 11 10
7 8 11
8 12 11
8 9 12
10 11 13
11 14 13
11 12 14
13 14 15
ZONE N=15, E=16, F=FEPOINT, ET=TRIANGLE
0.774191 0.42788 0 0 0 
0.776101 0.476783 0 0 0 
0.778011 0.525685 0 0 0 
0.779921 0.574587 0 0 0 
0.781831 0.62349 0 0 0 
0.729703 0.454118 0 0 0 
0.731613 0.503021 0 0 0 
0.733523 0.551923 0 0 0 
0.735433 0.600825 0 0 0 
0.685215 0.480356 0 0 0 
0.687125 0.529259 0 0 0 
0.689035 0.578161 0 0 0 
0.640727 0.506594 0 0 0 
0.642637 0.555496 0 0 0 
0.596239 0.532832 0 0 0 
1 2 6
2 7 6
2 3 7
3 8 7
3 4 8
4 9 8
4 5 9
6 7 10
7 11 10
7 8 11
8 12 11
8 9 12
10 11 13
11 14 13
11 12 14
13 14 15
ZONE N=15, E=16, F=FEPOINT, ET=TRIANGLE
0.0495979 -0.883173 0 0 0 
0.0651896 -0.910808 0 0 0 
0.0807812 -0.938442 0 0 0 
0.0963728 -0.966077 0 0 0 
0.111964 -0.993712 0 0 0 
0.0928287 -0.906112 0 0 0 
0.108486 -0.934134 0 0 0 
0.12414 -0.962157 0 0 0 
0.13979 -0.990181 0 0 0 
0.136059 -0.92905 0 0 0 
0.151786 -0.95746 0 0 0 
0.167506 -0.985871 0 0 0 
0.17929 -0.951989 0 0 0 
0.19509 -0.980785 0 0 0 
0.222521 -0.974928 0 0 0 
1 2 6
2 7 6
2 3 7
3 8 7
3 4 8
4 9 8
4 5 9
6 7 10
7 11 10
7 8 11
8 12 11
8 9 12
10 11 13
11 14 13
11 12 14
13 14 15
ZONE N=15, E=16, F=FEPOINT, ET=TRIANGLE
-0.244879 0.849993 0 0 0 
-0.196186 0.86055 0 0 0 
-0.147492 0.871107 0 0 0 
-0.0987992 0.881664 0 0 0 
-0.0501061 0.892221 0 0 0 
-0.239289 0.881227 0 0 0 
-0.190596 0.891784 0 0 0 
-0.141903 0.902341 0 0 0 
-0.0932098 0.912898 0 0 0 
-0.2337 0.912461 0 0 0 
-0.185007 0.923018 0 0 0 
-0.136313 0.933574 0 0 0 
-0.22811 0.943694 0 0 0 
-0.179417 0.954251 0 0 0 
-0.222521 0.974928 0 0 0 
1 2 6
2 7 6
2 3 7
3 8 7
3 4 8
4 9 8
4 5 9
6 7 10
7 11 10
7 8 11
8 12 11
8 9 12
10 11 13
11 14 13
11 12 14
13 14 15
ZONE N=15, E=16, F=FEPOINT, ET=TRIANGLE
0.781831 -0.62349 0 0 0 
0.739948 -0.60486 0 0 0 
0.698065 -0.58623 0 0 0 
0.656182 -0.5676 0 0 0 
0.614298 -0.548971 0 0 0 
0.764037 -0.645172 0 0 0 
0.721856 -0.626286 0 0 0 
0.679677 -0.607396 0 0 0 
0.6375 -0.588505 0 0 0 
0.745642 -0.666347 0 0 0 
0.70317 -0.647195 0 0 0 
0.660703 -0.628039 0 0 0 
0.72666 -0.686997 0 0 0 
0.683905 -0.667573 0 0 0 
0.707107 -0.707107 0 0 0 
1 2 6
2 7 6
2 3 7
3 8 7
3 4 8
4 9 8
4 5 9
6 7 10
7 11 10
7 8 11
8 12 11
8 9 12
10 11 13
11 14 13
11 12 14
13 14 15
ZONE N=15, E=16, F=FEPOINT, ET=TRIANGLE
0.330279 0.943883 0 0 0 
0.303677 0.952775 0 0 0 
0.276836 0.960917 0 0 0 
0.249776 0.968304 0 0 0 
0.222521 0.974928 0 0 0 
0.285131 0.928163 0 0 0 
0.258413 0.936679 0 0 0 
0.231466 0.944442 0 0 0 
0.204313 0.951446 0 0 0 
0.239984 0.912442 0 0 0 
0.213153 0.920581 0 0 0 
0.186104 0.927964 0 0 0 
0.194836 0.896721 0 0 0 
0.167896 0.904483 0 0 0 
0.149688 0.881001 0 0 0 
1 2 6
2 7 6
2 3 7
3 8 7
3 4 8
4 9 8
4 5 9
6 7 10
7 11 10
7 8 11
8 12 11
8 9 12
10 11 13
11 14 13
11 12 14
13 14 15
ZONE N=15, E=16, F=FEPOINT, ET=TRIANGLE
0.149688 0.881001 0 0 0 
0.140257 0.909179 0 0 0 
0.130826 0.937356 0 0 0 
0.121395 0.965534 0 0 0 
0.111964 0.993712 0 0 0 
0.123814 0.866389 0 0 0 
0.114384 0.894567 0 0 0 
0.104953 0.922745 0 0 0 
0.0955218 0.950923 0 0 0 
0.0979409 0.851778 0 0 0 
0.08851 0.879956 0 0 0 
0.0790791 0.908134 0 0 0 
0.0720673 0.837167 0 0 0 
0.0626364 0.865345 0 0 0 
0.0461937 0.822555 0 0 0 
1 2 6
2 7 6
2 3 7
3 8 7
3 4 8
4 9 8
4 5 9
6 7 10
7 11 10
7 8 11
8 12 11
8 9 12
10 11 13
11 14 13
11 12 14
13 14 15
ZONE N=15, E=16, F=FEPOINT, ET=TRIANGLE
0.5 0 0 0 0 
0.562068 0.00164856 0 0 0 
0.624136 0.00329711 0 0 0 
0.686204 0.00494567 0 0 0 
0.748272 0.00659423 0 0 0 
0.530059 0.0375381 0 0 0 
0.592127 0.0391867 0 0 0 
0.654195 0.0408353 0 0 0 
0.716263 0.0424838 0 0 0 
0.560118 0.0750763 0 0 0 
0.622186 0.0767249 0 0 0 
0.684254 0.0783734 0 0 0 
0.590177 0.112614 0 0 0 
0.652245 0.114263 0 0 0 
0.620235 0.150153 0 0 0 
1 2 6
2 7 6
2 3 7
3 8 7
3 4 8
4 9 8
4 5 9
6 7 10
7 11 10
7 8 11
8 12 11
8 9 12
10 11 13
11 14 13
11 12 14
13 14 15
ZONE N=15, E=16, F=FEPOINT, ET=TRIANGLE
0.812211 0.138 0 0 0 
0.829952 0.0911007 0 0 0 
0.847692 0.0442012 0 0 0 
0.865432 -0.00269838 0 0 0 
0.883173 -0.0495979 0 0 0 
0.857586 0.131491 0 0 0 
0.875327 0.0845918 0 0 0 
0.893067 0.0376922 0 0 0 
0.910808 -0.00920732 0 0 0 
0.902962 0.124982 0 0 0 
0.920702 0.0780828 0 0 0 
0.938442 0.0311833 0 0 0 
0.948337 0.118473 0 0 0 
0.966077 0.0715739 0 0 0 
0.993712 0.111964 0 0 0 
1 2 6
2 7 6
2 3 7
3 8 7
3 4 8
4 9 8
4 5 9
6 7 10
7 11 10
7 8 11
8 12 11
8 9 12
10 11 13
11 14 13
11 12 14
13 14 15
ZONE N=15, E=16, F=FEPOINT, ET=TRIANGLE
0.846724 0.532032 0 0 0 
0.83147 0.55557 0 0 0 
0.815561 0.578671 0 0 0 
0.79901 0.601317 0 0 0 
0.781831 0.62349 0 0 0 
0.828591 0.505994 0 0 0 
0.813011 0.529311 0 0 0 
0.796784 0.552181 0 0 0 
0.779921 0.574587 0 0 0 
0.810458 0.479956 0 0 0 
0.794555 0.503048 0 0 0 
0.778011 0.525685 0 0 0 
0.792325 0.453918 0 0 0 
0.776101 0.476783 0 0 0 
0.774191 0.42788 0 0 0 
1 2 6
2 7 6
2 3 7
3 8 7
3 4 8
4 9 8
4 5 9
6 7 10
7 11 10
7 8 11
8 12 11
8 9 12
10 11 13
11 14 13
11 12 14
13 14 15
ZONE N=15, E=16, F=FEPOINT, ET=TRIANGLE
-0.589426 -0.659568 0 0 0 
-0.622424 -0.622644 0 0 0 
-0.655421 -0.58572 0 0 0 
-0.688419 -0.548796 0 0 0 
-0.721416 -0.511872 0 0 0 
-0.618847 -0.671453 0 0 0 
-0.651844 -0.634529 0 0 0 
-0.684841 -0.597605 0 0 0 
-0.717839 -0.560681 0 0 0 
-0.648267 -0.683338 0 0 0 
-0.681264 -0.646414 0 0 0 
-0.714261 -0.609489 0 0 0 
-0.677687 -0.695222 0 0 0 
-0.710684 -0.658298 0 0 0 
-0.707107 -0.707107 0 0 0 
1 2 6
2 7 6
2 3 7
3 8 7
3 4 8
4 9 8
4 5 9
6 7 10
7 11 10
7 8 11
8 12 11
8 9 12
10 11 13
11 14 13
11 12 14
13 14 15
ZONE N=15, E=16, F=FEPOINT, ET=TRIANGLE
-0.974928 0.222521 0 0 0 
-0.980785 0.19509 0 0 0 
-0.985871 0.167506 0 0 0 
-0.990181 0.13979 0 0 0 
-0.993712 0.111964 0 0 0 
-0.945871 0.228738 0 0 0 
-0.951342 0.201234 0 0 0 
-0.95604 0.173588 0 0 0 
-0.95996 0.14582 0 0 0 
-0.916815 0.234954 0 0 0 
-0.921898 0.207381 0 0 0 
-0.926207 0.179676 0 0 0 
-0.887758 0.241171 0 0 0 
-0.892454 0.213532 0 0 0 
-0.858701 0.247388 0 0 0 
1 2 6
2 7 6
2 3 7
3 8 7
3 4 8
4 9 8
4 5 9
6 7 10
7 11 10
7 8 11
8 12 11
8 9 12
10 11 13
11 14 13
11 12 14
13 14 15
ZONE N=15, E=16, F=FEPOINT, ET=TRIANGLE
-0.659568 0.589426 0 0 0 
-0.690134 0.597942 0 0 0 
-0.7207 0.606458 0 0 0 
-0.751266 0.614974 0 0 0 
-0.781831 0.62349 0 0 0 
-0.690207 0.550136 0 0 0 
-0.720773 0.558652 0 0 0 
-0.751339 0.567168 0 0 0 
-0.781904 0.575683 0 0 0 
-0.720846 0.510845 0 0 0 
-0.751412 0.519361 0 0 0 
-0.781977 0.527877 0 0 0 
-0.751484 0.471555 0 0 0 
-0.78205 0.480071 0 0 0 
-0.782123 0.432264 0 0 0 
1 2 6
2 7 6
2 3 7
3 8 7
3 4 8
4 9 8
4 5 9
6 7 10
7 11 10
7 8 11
8 12 11
8 9 12
10 11 13
11 14 13
11 12 14
13 14 15
ZONE N=15, E=16, F=FEPOINT, ET=TRIANGLE
-0.330279 0.943883 0 0 0 
-0.356622 0.934249 0 0 0 
-0.382683 0.92388 0 0 0 
-0.408444 0.912783 0 0 0 
-0.433884 0.900969 0 0 0 
-0.308929 0.920411 0 0 0 
-0.335128 0.91041 0 0 0 
-0.361036 0.899679 0 0 0 
-0.386633 0.888225 0 0 0 
-0.287579 0.896938 0 0 0 
-0.313631 0.886573 0 0 0 
-0.339381 0.875481 0 0 0 
-0.266229 0.873466 0 0 0 
-0.29213 0.862737 0 0 0 
-0.244879 0.849993 0 0 0 
1 2 6
2 7 6
2 3 7
3 8 7
3 4 8
4 9 8
4 5 9
6 7 10
7 11 10
7 8 11
8 12 11
8 9 12
10 11 13
11 14 13
11 12 14
13 14 15
ZONE N=15, E=16, F=FEPOINT, ET=TRIANGLE
0.222521 0.974928 0 0 0 
0.19509 0.980785 0 0 0 
0.167506 0.985871 0 0 0 
0.13979 0.990181 0 0 0 
0.111964 0.993712 0 0 0 
0.204313 0.951446 0 0 0 
0.176809 0.956917 0 0 0 
0.149163 0.961614 0 0 0 
0.121395 0.965534 0 0 0 
0.186104 0.927964 0 0 0 
0.158531 0.933048 0 0 0 
0.130826 0.937356 0 0 0 
0.167896 0.904483 0 0 0 
0.140257 0.909179 0 0 0 
0.149688 0.881001 0 0 0 
1 2 6
2 7 6
2 3 7
3 8 7
3 4 8
4 9 8
4 5 9
6 7 10
7 11 10
7 8 11
8 12 11
8 9 12
10 11 13
11 14 13
11 12 14
13 14 15
ZONE N=15, E=16, F=FEPOINT, ET=TRIANGLE
-0.707107 0.707107 0 0 0 
-0.659609 0.712532 0 0 0 
-0.612111 0.717957 0 0 0 
-0.564614 0.723382 0 0 0 
-0.517116 0.728807 0 0 0 
-0.686997 0.72666 0 0 0 
-0.639232 0.731797 0 0 0 
-0.591469 0.736931 0 0 0 
-0.54371 0.742063 0 0 0 
-0.666347 0.745642 0 0 0 
-0.618322 0.750483 0 0 0 
-0.570303 0.755319 0 0 0 
-0.645172 0.764037 0 0 0 
-0.596896 0.768575 0 0 0 
-0.62349 0.781831 0 0 0 
1 2 6
2 7 6
2 3 7
3 8 7
3 4 8
4 9 8
4 5 9
6 7 10
7 11 10
7 8 11
8 12 11
8 9 12
10 11 13
11 14 13
11 12 14
13 14 15
ZONE N=15, E=16, F=FEPOINT, ET=TRIANGLE
0.0495979 -0.883173 0 0 0 
0.000155931 -0.880396 0 0 0 
-0.0492861 -0.87762 0 0 0 
-0.098728 -0.874843 0 0 0 
-0.14817 -0.872066 0 0 0 
0.0371984 -0.91238 0 0 0 
-0.0122435 -0.909603 0 0 0 
-0.0616855 -0.906826 0 0 0 
-0.111128 -0.90405 0 0 0 
0.024799 -0.941586 0 0 0 
-0.024643 -0.93881 0 0 0 
-0.074085 -0.936033 0 0 0 
0.0123995 -0.970793 0 0 0 
-0.0370425 -0.968017 0 0 0 
-1.83697e-16 -1 0 0 0 
1 2 6
2 7 6
2 3 7
3 8 7
3 4 8
4 9 8
4 5 9
6 7 10
7 11 10
7 8 11
8 12 11
8 9 12
10 11 13
11 14 13
11 12 14
13 14 15
ZONE N=15, E=16, F=FEPOINT, ET=TRIANGLE
0.900969 -0.433884 0 0 0 
0.857928 -0.454692 0 0 0 
0.814888 -0.4755 0 0 0 
0.771847 -0.496308 0 0 0 
0.728807 -0.517116 0 0 0 
0.888446 -0.458982 0 0 0 
0.845057 -0.479606 0 0 0 
0.801671 -0.500227 0 0 0 
0.758286 -0.520845 0 0 0 
0.875223 -0.483719 0 0 0 
0.831493 -0.50415 0 0 0 
0.787766 -0.524574 0 0 0 
0.861313 -0.508075 0 0 0 
0.817245 -0.528303 0 0 0 
0.846724 -0.532032 0 0 0 
1 2 6
2 7 6
2 3 7
3 8 7
3 4 8
4 9 8
4 5 9
6 7 10
7 11 10
7 8 11
8 12 11
8 9 12
10 11 13
11 14 13
11 12 14
13 14 15
ZONE N=15, E=16, F=FEPOINT, ET=TRIANGLE
0.900969 0.433884 0 0 0 
0.890402 0.38726 0 0 0 
0.879835 0.340636 0 0 0 
0.869268 0.294012 0 0 0 
0.858701 0.247388 0 0 0 
0.912783 0.408444 0 0 0 
0.901856 0.361663 0 0 0 
0.890927 0.314885 0 0 0 
0.879997 0.26811 0 0 0 
0.92388 0.382683 0 0 0 
0.912587 0.335755 0 0 0 
0.901292 0.288833 0 0 0 
0.934249 0.356622 0 0 0 
0.922588 0.309556 0 0 0 
0.943883 0.330279 0 0 0 
1 2 6
2 7 6
2 3 7
3 8 7
3 4 8
4 9 8
4 5 9
6 7 10
7 11 10
7 8 11
8 12 11
8 9 12
10 11 13
11 14 13
11 12 14
13 14 15
ZONE N=15, E=16, F=FEPOINT, ET=TRIANGLE
-0.222521 0.974928 0 0 0 
-0.179417 0.954251 0 0 0 
-0.136313 0.933574 0 0 0 
-0.0932098 0.912898 0 0 0 
-0.0501061 0.892221 0 0 0 
-0.19509 0.980785 0 0 0 
-0.151913 0.959722 0 0 0 
-0.10874 0.938658 0 0 0 
-0.0655707 0.917594 0 0 0 
-0.167506 0.985871 0 0 0 
-0.124267 0.964419 0 0 0 
-0.0810353 0.942967 0 0 0 
-0.13979 0.990181 0 0 0 
-0.0964999 0.968339 0 0 0 
-0.111964 0.993712 0 0 0 
1 2 6
2 7 6
2 3 7
3 8 7
3 4 8
4 9 8
4 5 9
6 7 10
7 11 10
7 8 11
8 12 11
8 9 12
10 11 13
11 14 13
11 12 14
13 14 15
ZONE N=15, E=16, F=FEPOINT, ET=TRIANGLE
0.338508 0.817231 0 0 0 
0.336451 0.848894 0 0 0 
0.334394 0.880557 0 0 0 
0.332336 0.91222 0 0 0 
0.330279 0.943883 0 0 0 
0.291303 0.833173 0 0 0 
0.289246 0.864836 0 0 0 
0.287189 0.8965 0 0 0 
0.285131 0.928163 0 0 0 
0.244098 0.849116 0 0 0 
0.242041 0.880779 0 0 0 
0.239984 0.912442 0 0 0 
0.196893 0.865058 0 0 0 
0.194836 0.896721 0 0 0 
0.149688 0.881001 0 0 0 
1 2 6
2 7 6
2 3 7
3 8 7
3 4 8
4 9 8
4 5 9
6 7 10
7 11 10
7 8 11
8 12 11
8 9 12
10 11 13
11 14 13
11 12 14
13 14 15
ZONE N=15, E=16, F=FEPOINT, ET=TRIANGLE
-0.627068 0.103779 0 0 0 
-0.626538 0.0507473 0 0 0 
-0.626007 -0.00228454 0 0 0 
-0.625476 -0.0553164 0 0 0 
-0.624946 -0.108348 0 0 0 
-0.595301 0.0778344 0 0 0 
-0.594771 0.0248025 0 0 0 
-0.59424 -0.0282293 0 0 0 
-0.593709 -0.0812612 0 0 0 
-0.563534 0.0518896 0 0 0 
-0.563004 -0.00114227 0 0 0 
-0.562473 -0.0541741 0 0 0 
-0.531767 0.0259448 0 0 0 
-0.531236 -0.0270871 0 0 0 
-0.5 0 0 0 0 
1 2 6
2 7 6
2 3 7
3 8 7
3 4 8
4 9 8
4 5 9
6 7 10
7 11 10
7 8 11
8 12 11
8 9 12
10 11 13
11 14 13
11 12 14
13 14 15
ZONE N=15, E=16, F=FEPOINT, ET=TRIANGLE
0.5 0 0 0 0 
0.531236 -0.0270871 0 0 0 
0.562473 -0.0541741 0 0 0 
0.593709 -0.0812612 0 0 0 
0.624946 -0.108348 0 0 0 
0.562068 0.00164856 0 0 0 
0.593304 -0.0254385 0 0 0 
0.624541 -0.0525256 0 0 0 
0.655777 -0.0796126 0 0 0 
0.624136 0.00329711 0 0 0 
0.655372 -0.0237899 0 0 0 
0.686609 -0.050877 0 0 0 
0.686204 0.00494567 0 0 0 
0.717441 -0.0221414 0 0 0 
0.748272 0.00659423 0 0 0 
1 2 6
2 7 6
2 3 7
3 8 7
3 4 8
4 9 8
4 5 9
6 7 10
7 11 10
7 8 11
8 12 11
8 9 12
10 11 13
11 14 13
11 12 14
13 14 15
ZONE N=15, E=16, F=FEPOINT, ET=TRIANGLE
-0.5 0 0 0 0 
-0.479416 0.0576236 0 0 0 
-0.458832 0.115247 0 0 0 
-0.438248 0.172871 0 0 0 
-0.417664 0.230495 0 0 0 
-0.531767 0.0259448 0 0 0 
-0.511183 0.0835684 0 0 0 
-0.490599 0.141192 0 0 0 
-0.470015 0.198816 0 0 0 
-0.563534 0.0518896 0 0 0 
-0.54295 0.109513 0 0 0 
-0.522366 0.167137 0 0 0 
-0.595301 0.0778344 0 0 0 
-0.574717 0.135458 0 0 0 
-0.627068 0.103779 0 0 0 
1 2 6
2 7 6
2 3 7
3 8 7
3 4 8
4 9 8
4 5 9
6 7 10
7 11 10
7 8 11
8 12 11
8 9 12
10 11 13
11 14 13
11 12 14
13 14 15
ZONE N=15, E=16, F=FEPOINT, ET=TRIANGLE
0.624946 -0.108348 0 0 0 
0.593709 -0.0812612 0 0 0 
0.562473 -0.0541741 0 0 0 
0.531236 -0.0270871 0 0 0 
0.5 0 0 0 0 
0.57906 -0.129708 0 0 0 
0.547824 -0.102621 0 0 0 
0.516587 -0.0755343 0 0 0 
0.485351 -0.0484473 0 0 0 
0.533175 -0.151069 0 0 0 
0.501939 -0.123982 0 0 0 
0.470702 -0.0968946 0 0 0 
0.48729 -0.172429 0 0 0 
0.456053 -0.145342 0 0 0 
0.441404 -0.193789 0 0 0 
1 2 6
2 7 6
2 3 7
3 8 7
3 4 8
4 9 8
4 5 9
6 7 10
7 11 10
7 8 11
8 12 11
8 9 12
10 11 13
11 14 13
11 12 14
13 14 15
ZONE N=15, E=16, F=FEPOINT, ET=TRIANGLE
0.620235 0.150153 0 0 0 
0.565108 0.163493 0 0 0 
0.50998 0.176833 0 0 0 
0.454852 0.190173 0 0 0 
0.399724 0.203513 0 0 0 
0.590177 0.112614 0 0 0 
0.535049 0.125954 0 0 0 
0.479921 0.139294 0 0 0 
0.424793 0.152634 0 0 0 
0.560118 0.0750763 0 0 0 
0.50499 0.0884163 0 0 0 
0.449862 0.101756 0 0 0 
0.530059 0.0375381 0 0 0 
0.474931 0.0508782 0 0 0 
0.5 0 0 0 0 
1 2 6
2 7 6
2 3 7
3 8 7
3 4 8
4 9 8
4 5 9
6 7 10
7 11 10
7 8 11
8 12 11
8 9 12
10 11 13
11 14 13
11 12 14
13 14 15
ZONE N=15, E=16, F=FEPOINT, ET=TRIANGLE
0.25 0 0 0 0 
0.21875 0.0621985 0 0 0 
0.1875 0.124397 0 0 0 
0.15625 0.186596 0 0 0 
0.125 0.248794 0 0 0 
0.1875 0 0 0 0 
0.15625 0.0621985 0 0 0 
0.125 0.124397 0 0 0 
0.09375 0.186596 0 0 0 
0.125 0 0 0 0 
0.09375 0.0621985 0 0 0 
0.0625 0.124397 0 0 0 
0.0625 -6.93889e-18 0 0 0 
0.03125 0.0621985 0 0 0 
9.99201e-16 0 0 0 0 
1 2 6
2 7 6
2 3 7
3 8 7
3 4 8
4 9 8
4 5 9
6 7 10
7 11 10
7 8 11
8 12 11
8 9 12
10 11 13
11 14 13
11 12 14
13 14 15
ZONE N=15, E=16, F=FEPOINT, ET=TRIANGLE
0.125 0.248794 0 0 0 
0.0570683 0.249433 0 0 0 
-0.0108634 0.250072 0 0 0 
-0.0787951 0.250711 0 0 0 
-0.146727 0.25135 0 0 0 
0.09375 0.186596 0 0 0 
0.0258183 0.187234 0 0 0 
-0.0421134 0.187873 0 0 0 
-0.110045 0.188512 0 0 0 
0.0625 0.124397 0 0 0 
-0.00543169 0.125036 0 0 0 
-0.0733634 0.125675 0 0 0 
0.03125 0.0621985 0 0 0 
-0.0366817 0.0628374 0 0 0 
9.99201e-16 0 0 0 0 
1 2 6
2 7 6
2 3 7
3 8 7
3 4 8
4 9 8
4 5 9
6 7 10
7 11 10
7 8 11
8 12 11
8 9 12
10 11 13
11 14 13
11 12 14
13 14 15
ZONE N=15, E=16, F=FEPOINT, ET=TRIANGLE
9.99201e-16 0 0 0 0 
-0.0366817 0.0628374 0 0 0 
-0.0733634 0.125675 0 0 0 
-0.110045 0.188512 0 0 0 
-0.146727 0.25135 0 0 0 
-0.0625 0 0 0 0 
-0.0991817 0.0628374 0 0 0 
-0.135863 0.125675 0 0 0 
-0.172545 0.188512 0 0 0 
-0.125 0 0 0 0 
-0.161682 0.0628374 0 0 0 
-0.198363 0.125675 0 0 0 
-0.1875 0 0 0 0 
-0.224182 0.0628374 0 0 0 
-0.25 0 0 0 0 
1 2 6
2 7 6
2 3 7
3 8 7
3 4 8
4 9 8
4 5 9
6 7 10
7 11 10
7 8 11
8 12 11
8 9 12
10 11 13
11 14 13
11 12 14
13 14 15
ZONE N=15, E=16, F=FEPOINT, ET=TRIANGLE
9.99201e-16 0 0 0 0 
-0.0343532 -0.0713353 0 0 0 
-0.0687065 -0.142671 0 0 0 
-0.10306 -0.214006 0 0 0 
-0.137413 -0.285341 0 0 0 
0.0180483 -0.0963333 0 0 0 
-0.016305 -0.167669 0 0 0 
-0.0506582 -0.239004 0 0 0 
-0.0850115 -0.310339 0 0 0 
0.0360966 -0.192667 0 0 0 
0.00174332 -0.264002 0 0 0 
-0.0326099 -0.335337 0 0 0 
0.0541449 -0.289 0 0 0 
0.0197916 -0.360335 0 0 0 
0.0721931 -0.385333 0 0 0 
1 2 6
2 7 6
2 3 7
3 8 7
3 4 8
4 9 8
4 5 9
6 7 10
7 11 10
7 8 11
8 12 11
8 9 12
10 11 13
11 14 13
11 12 14
13 14 15
ZONE N=15, E=16, F=FEPOINT, ET=TRIANGLE
0.125 0.248794 0 0 0 
0.15625 0.186596 0 0 0 
0.1875 0.124397 0 0 0 
0.21875 0.0621985 0 0 0 
0.25 0 0 0 0 
0.193681 0.237474 0 0 0 
0.224931 0.175275 0 0 0 
0.256181 0.113077 0 0 0 
0.287431 0.0508782 0 0 0 
0.262362 0.226153 0 0 0 
0.293612 0.163955 0 0 0 
0.324862 0.101756 0 0 0 
0.331043 0.214833 0 0 0 
0.362293 0.152634 0 0 0 
0.399724 0.203513 0 0 0 
1 2 6
2 7 6
2 3 7
3 8 7
3 4 8
4 9 8
4 5 9
6 7 10
7 11 10
7 8 11
8 12 11
8 9 12
10 11 13
11 14 13
11 12 14
13 14 15
ZONE N=15, E=16, F=FEPOINT, ET=TRIANGLE
0.25 0 0 0 0 
0.297851 -0.0484473 0 0 0 
0.345702 -0.0968946 0 0 0 
0.393553 -0.145342 0 0 0 
0.441404 -0.193789 0 0 0 
0.3125 0 0 0 0 
0.360351 -0.0484473 0 0 0 
0.408202 -0.0968946 0 0 0 
0.456053 -0.145342 0 0 0 
0.375 0 0 0 0 
0.422851 -0.0484473 0 0 0 
0.470702 -0.0968946 0 0 0 
0.4375 0 0 0 0 
0.485351 -0.0484473 0 0 0 
0.5 0 0 0 0 
1 2 6
2 7 6
2 3 7
3 8 7
3 4 8
4 9 8
4 5 9
6 7 10
7 11 10
7 8 11
8 12 11
8 9 12
10 11 13
11 14 13
11 12 14
13 14 15
ZONE N=15, E=16, F=FEPOINT, ET=TRIANGLE
0.25 0 0 0 0 
0.3125 -6.93889e-18 0 0 0 
0.375 0 0 0 0 
0.4375 0 0 0 0 
0.5 0 0 0 0 
0.287431 0.0508782 0 0 0 
0.349931 0.0508782 0 0 0 
0.412431 0.0508782 0 0 0 
0.474931 0.0508782 0 0 0 
0.324862 0.101756 0 0 0 
0.387362 0.101756 0 0 0 
0.449862 0.101756 0 0 0 
0.362293 0.152634 0 0 0 
0.424793 0.152634 0 0 0 
0.399724 0.203513 0 0 0 
1 2 6
2 7 6
2 3 7
3 8 7
3 4 8
4 9 8
4 5 9
6 7 10
7 11 10
7 8 11
8 12 11
8 9 12
10 11 13
11 14 13
11 12 14
13 14 15
ZONE N=15, E=16, F=FEPOINT, ET=TRIANGLE
0.300897 -0.344987 0 0 0 
0.336024 -0.307187 0 0 0 
0.37115 -0.269388 0 0 0 
0.406277 -0.231588 0 0 0 
0.441404 -0.193789 0 0 0 
0.288173 -0.25874 0 0 0 
0.323299 -0.220941 0 0 0 
0.358426 -0.183141 0 0 0 
0.393553 -0.145342 0 0 0 
0.275448 -0.172493 0 0 0 
0.310575 -0.134694 0 0 0 
0.345702 -0.0968946 0 0 0 
0.262724 -0.0862466 0 0 0 
0.297851 -0.0484473 0 0 0 
0.25 0 0 0 0 
1 2 6
2 7 6
2 3 7
3 8 7
3 4 8
4 9 8
4 5 9
6 7 10
7 11 10
7 8 11
8 12 11
8 9 12
10 11 13
11 14 13
11 12 14
13 14 15
ZONE N=15, E=16, F=FEPOINT, ET=TRIANGLE
9.99201e-16 0 0 0 0 
0.0180483 -0.0963333 0 0 0 
0.0360966 -0.192667 0 0 0 
0.0541449 -0.289 0 0 0 
0.0721931 -0.385333 0 0 0 
0.0625 0 0 0 0 
0.0805483 -0.0963333 0 0 0 
0.0985966 -0.192667 0 0 0 
0.116645 -0.289 0 0 0 
0.125 0 0 0 0 
0.143048 -0.0963333 0 0 0 
0.161097 -0.192667 0 0 0 
0.1875 2.77556e-17 0 0 0 
0.205548 -0.0963333 0 0 0 
0.25 0 0 0 0 
1 2 6
2 7 6
2 3 7
3 8 7
3 4 8
4 9 8
4 5 9
6 7 10
7 11 10
7 8 11
8 12 11
8 9 12
10 11 13
11 14 13
11 12 14
13 14 15
ZONE N=15, E=16, F=FEPOINT, ET=TRIANGLE
-0.25 0 0 0 0 
-0.221853 -0.0713353 0 0 0 
-0.193706 -0.142671 0 0 0 
-0.16556 -0.214006 0 0 0 
-0.137413 -0.285341 0 0 0 
-0.1875 0 0 0 0 
-0.159353 -0.0713353 0 0 0 
-0.131206 -0.142671 0 0 0 
-0.10306 -0.214006 0 0 0 
-0.125 0 0 0 0 
-0.0968532 -0.0713353 0 0 0 
-0.0687065 -0.142671 0 0 0 
-0.0625 0 0 0 0 
-0.0343532 -0.0713353 0 0 0 
9.99201e-16 0 0 0 0 
1 2 6
2 7 6
2 3 7
3 8 7
3 4 8
4 9 8
4 5 9
6 7 10
7 11 10
7 8 11
8 12 11
8 9 12
10 11 13
11 14 13
11 12 14
13 14 15
ZONE N=15, E=16, F=FEPOINT, ET=TRIANGLE
-0.25 0 0 0 0 
-0.291916 0.0576236 0 0 0 
-0.333832 0.115247 0 0 0 
-0.375748 0.172871 0 0 0 
-0.417664 0.230495 0 0 0 
-0.3125 0 0 0 0 
-0.354416 0.0576236 0 0 0 
-0.396332 0.115247 0 0 0 
-0.438248 0.172871 0 0 0 
-0.375 0 0 0 0 
-0.416916 0.0576236 0 0 0 
-0.458832 0.115247 0 0 0 
-0.4375 -6.93889e-18 0 0 0 
-0.479416 0.0576236 0 0 0 
-0.5 0 0 0 0 
1 2 6
2 7 6
2 3 7
3 8 7
3 4 8
4 9 8
4 5 9
6 7 10
7 11 10
7 8 11
8 12 11
8 9 12
10 11 13
11 14 13
11 12 14
13 14 15
ZONE N=15, E=16, F=FEPOINT, ET=TRIANGLE
-0.345422 -0.202533 0 0 0 
-0.384066 -0.1519 0 0 0 
-0.422711 -0.101266 0 0 0 
-0.461355 -0.0506332 0 0 0 
-0.5 0 0 0 0 
-0.415303 -0.178987 0 0 0 
-0.453947 -0.128353 0 0 0 
-0.492592 -0.0777202 0 0 0 
-0.531236 -0.0270871 0 0 0 
-0.485184 -0.15544 0 0 0 
-0.523828 -0.104807 0 0 0 
-0.562473 -0.0541741 0 0 0 
-0.555065 -0.131894 0 0 0 
-0.593709 -0.0812612 0 0 0 
-0.624946 -0.108348 0 0 0 
1 2 6
2 7 6
2 3 7
3 8 7
3 4 8
4 9 8
4 5 9
6 7 10
7 11 10
7 8 11
8 12 11
8 9 12
10 11 13
11 14 13
11 12 14
13 14 15
ZONE N=15, E=16, F=FEPOINT, ET=TRIANGLE
-0.25 0 0 0 0 
-0.224182 0.0628374 0 0 0 
-0.198363 0.125675 0 0 0 
-0.172545 0.188512 0 0 0 
-0.146727 0.25135 0 0 0 
-0.291916 0.0576236 0 0 0 
-0.266098 0.120461 0 0 0 
-0.240279 0.183298 0 0 0 
-0.214461 0.246136 0 0 0 
-0.333832 0.115247 0 0 0 
-0.308014 0.178085 0 0 0 
-0.282195 0.240922 0 0 0 
-0.375748 0.172871 0 0 0 
-0.34993 0.235708 0 0 0 
-0.417664 0.230495 0 0 0 
1 2 6
2 7 6
2 3 7
3 8 7
3 4 8
4 9 8
4 5 9
6 7 10
7 11 10
7 8 11
8 12 11
8 9 12
10 11 13
11 14 13
11 12 14
13 14 15
ZONE N=15, E=16, F=FEPOINT, ET=TRIANGLE
0.25 0 0 0 0 
0.205548 -0.0963333 0 0 0 
0.161097 -0.192667 0 0 0 
0.116645 -0.289 0 0 0 
0.0721931 -0.385333 0 0 0 
0.262724 -0.0862466 0 0 0 
0.218272 -0.18258 0 0 0 
0.173821 -0.278913 0 0 0 
0.129369 -0.375247 0 0 0 
0.275448 -0.172493 0 0 0 
0.230997 -0.268827 0 0 0 
0.186545 -0.36516 0 0 0 
0.288173 -0.25874 0 0 0 
0.243721 -0.355073 0 0 0 
0.300897 -0.344987 0 0 0 
1 2 6
2 7 6
2 3 7
3 8 7
3 4 8
4 9 8
4 5 9
6 7 10
7 11 10
7 8 11
8 12 11
8 9 12
10 11 13
11 14 13
11 12 14
13 14 15
ZONE N=15, E=16, F=FEPOINT, ET=TRIANGLE
-0.345422 -0.202533 0 0 0 
-0.293419 -0.223235 0 0 0 
-0.241417 -0.243937 0 0 0 
-0.189415 -0.264639 0 0 0 
-0.137413 -0.285341 0 0 0 
-0.321566 -0.1519 0 0 0 
-0.269564 -0.172602 0 0 0 
-0.217562 -0.193304 0 0 0 
-0.16556 -0.214006 0 0 0 
-0.297711 -0.101266 0 0 0 
-0.245709 -0.121968 0 0 0 
-0.193706 -0.142671 0 0 0 
-0.273855 -0.0506332 0 0 0 
-0.221853 -0.0713353 0 0 0 
-0.25 0 0 0 0 
1 2 6
2 7 6
2 3 7
3 8 7
3 4 8
4 9 8
4 5 9
6 7 10
7 11 10
7 8 11
8 12 11
8 9 12
10 11 13
11 14 13
11 12 14
13 14 15
ZONE N=15, E=16, F=FEPOINT, ET=TRIANGLE
-0.25 0 0 0 0 
-0.3125 -1.38778e-17 0 0 0 
-0.375 0 0 0 0 
-0.4375 0 0 0 0 
-0.5 0 0 0 0 
-0.273855 -0.0506332 0 0 0 
-0.336355 -0.0506332 0 0 0 
-0.398855 -0.0506332 0 0 0 
-0.461355 -0.0506332 0 0 0 
-0.297711 -0.101266 0 0 0 
-0.360211 -0.101266 0 0 0 
-0.422711 -0.101266 0 0 0 
-0.321566 -0.1519 0 0 0 
-0.384066 -0.1519 0 0 0 
-0.345422 -0.202533 0 0 0 
1 2 6
2 7 6
2 3 7
3 8 7
3 4 8
4 9 8
4 5 9
6 7 10
7 11 10
7 8 11
8 12 11
8 9 12
10 11 13
11 14 13
11 12 14
13 14 15
