ZONE N=15, E=16, F=FEPOINT, ET=TRIANGLE
0.551811 0.368708 0 0 0 0 
0.621726 0.415424 0 0 0 0 
0.69164 0.462139 0 0 0 0 
0.761555 0.508855 0 0 0 0 
0.83147 0.55557 0 0 0 0 
0.590635 0.453308 0 0 0 0 
0.66148 0.500787 0 0 0 0 
0.732338 0.548251 0 0 0 0 
0.803208 0.595699 0 0 0 0 
0.629459 0.537908 0 0 0 0 
0.701222 0.586166 0 0 0 0 
0.77301 0.634393 0 0 0 0 
0.668283 0.622507 0 0 0 0 
0.740951 0.671559 0 0 0 0 
0.707107 0.707107 0 0 0 0 
1 2 6
2 7 6
2 3 7
3 8 7
3 4 8
4 9 8
4 5 9
6 7 10
7 11 10
7 8 11
8 12 11
8 9 12
10 11 13
11 14 13
11 12 14
13 14 15
ZONE N=15, E=16, F=FEPOINT, ET=TRIANGLE
1 -2.498e-16 0 0 0 0 
0.995185 0.0980171 0 0 0 0 
0.980785 0.19509 0 0 0 0 
0.95694 0.290285 0 0 0 0 
0.92388 0.382683 0 0 0 0 
0.9375 0.0372961 0 0 0 0 
0.92792 0.134686 0 0 0 0 
0.908828 0.230666 0 0 0 0 
0.88041 0.324309 0 0 0 0 
0.875 0.0745921 0 0 0 0 
0.860677 0.171199 0 0 0 0 
0.83694 0.265934 0 0 0 0 
0.8125 0.111888 0 0 0 0 
0.79347 0.207559 0 0 0 0 
0.75 0.149184 0 0 0 0 
1 2 6
2 7 6
2 3 7
3 8 7
3 4 8
4 9 8
4 5 9
6 7 10
7 11 10
7 8 11
8 12 11
8 9 12
10 11 13
11 14 13
11 12 14
13 14 15
ZONE N=15, E=16, F=FEPOINT, ET=TRIANGLE
5.55112e-17 1 0 0 0 0 
0.0612632 0.92732 0 0 0 0 
0.122526 0.854639 0 0 0 0 
0.18379 0.781959 0 0 0 0 
0.245053 0.709278 0 0 0 0 
0.0980171 0.995185 0 0 0 0 
0.158653 0.917739 0 0 0 0 
0.219134 0.840317 0 0 0 0 
0.279461 0.762929 0 0 0 0 
0.19509 0.980785 0 0 0 0 
0.254633 0.898648 0 0 0 0 
0.313868 0.816579 0 0 0 0 
0.290285 0.95694 0 0 0 0 
0.348276 0.870229 0 0 0 0 
0.382683 0.92388 0 0 0 0 
1 2 6
2 7 6
2 3 7
3 8 7
3 4 8
4 9 8
4 5 9
6 7 10
7 11 10
7 8 11
8 12 11
8 9 12
10 11 13
11 14 13
11 12 14
13 14 15
ZONE N=15, E=16, F=FEPOINT, ET=TRIANGLE
0.707107 0.707107 0 0 0 0 
0.634393 0.77301 0 0 0 0 
0.55557 0.83147 0 0 0 0 
0.471397 0.881921 0 0 0 0 
0.382683 0.92388 0 0 0 0 
0.649314 0.699655 0 0 0 0 
0.573674 0.761745 0 0 0 0 
0.492307 0.816113 0 0 0 0 
0.405996 0.862234 0 0 0 0 
0.591521 0.692203 0 0 0 0 
0.513082 0.750387 0 0 0 0 
0.429309 0.800589 0 0 0 0 
0.533728 0.684751 0 0 0 0 
0.452622 0.738944 0 0 0 0 
0.475935 0.677298 0 0 0 0 
1 2 6
2 7 6
2 3 7
3 8 7
3 4 8
4 9 8
4 5 9
6 7 10
7 11 10
7 8 11
8 12 11
8 9 12
10 11 13
11 14 13
11 12 14
13 14 15
ZONE N=15, E=16, F=FEPOINT, ET=TRIANGLE
0.83147 0.55557 0 0 0 0 
0.761555 0.508855 0 0 0 0 
0.69164 0.462139 0 0 0 0 
0.621726 0.415424 0 0 0 0 
0.551811 0.368708 0 0 0 0 
0.857729 0.514103 0 0 0 0 
0.786771 0.466785 0 0 0 0 
0.715804 0.419485 0 0 0 0 
0.644828 0.372202 0 0 0 0 
0.881921 0.471397 0 0 0 0 
0.809892 0.423529 0 0 0 0 
0.737845 0.375696 0 0 0 0 
0.903989 0.427555 0 0 0 0 
0.830862 0.37919 0 0 0 0 
0.92388 0.382683 0 0 0 0 
1 2 6
2 7 6
2 3 7
3 8 7
3 4 8
4 9 8
4 5 9
6 7 10
7 11 10
7 8 11
8 12 11
8 9 12
10 11 13
11 14 13
11 12 14
13 14 15
ZONE N=15, E=16, F=FEPOINT, ET=TRIANGLE
-0.75 0.149184 0 0 0 0 
-0.79347 0.207559 0 0 0 0 
-0.83694 0.265934 0 0 0 0 
-0.88041 0.324309 0 0 0 0 
-0.92388 0.382683 0 0 0 0 
-0.8125 0.111888 0 0 0 0 
-0.860677 0.171199 0 0 0 0 
-0.908828 0.230666 0 0 0 0 
-0.95694 0.290285 0 0 0 0 
-0.875 0.0745921 0 0 0 0 
-0.92792 0.134686 0 0 0 0 
-0.980785 0.19509 0 0 0 0 
-0.9375 0.0372961 0 0 0 0 
-0.995185 0.0980171 0 0 0 0 
-1 1.11022e-16 0 0 0 0 
1 2 6
2 7 6
2 3 7
3 8 7
3 4 8
4 9 8
4 5 9
6 7 10
7 11 10
7 8 11
8 12 11
8 9 12
10 11 13
11 14 13
11 12 14
13 14 15
ZONE N=15, E=16, F=FEPOINT, ET=TRIANGLE
-0.707107 0.707107 0 0 0 0 
-0.77301 0.634393 0 0 0 0 
-0.83147 0.55557 0 0 0 0 
-0.881921 0.471397 0 0 0 0 
-0.92388 0.382683 0 0 0 0 
-0.699206 0.626868 0 0 0 0 
-0.761296 0.551228 0 0 0 0 
-0.815664 0.469861 0 0 0 0 
-0.861785 0.38355 0 0 0 0 
-0.691304 0.546629 0 0 0 0 
-0.749489 0.46819 0 0 0 0 
-0.799691 0.384417 0 0 0 0 
-0.683403 0.46639 0 0 0 0 
-0.737596 0.385284 0 0 0 0 
-0.675502 0.386151 0 0 0 0 
1 2 6
2 7 6
2 3 7
3 8 7
3 4 8
4 9 8
4 5 9
6 7 10
7 11 10
7 8 11
8 12 11
8 9 12
10 11 13
11 14 13
11 12 14
13 14 15
ZONE N=15, E=16, F=FEPOINT, ET=TRIANGLE
-0.446362 0.668029 0 0 0 0 
-0.430443 0.731991 0 0 0 0 
-0.414523 0.795954 0 0 0 0 
-0.398603 0.859917 0 0 0 0 
-0.382683 0.92388 0 0 0 0 
-0.511548 0.677798 0 0 0 0 
-0.498295 0.745752 0 0 0 0 
-0.484914 0.813796 0 0 0 0 
-0.471397 0.881921 0 0 0 0 
-0.576735 0.687568 0 0 0 0 
-0.566281 0.759428 0 0 0 0 
-0.55557 0.83147 0 0 0 0 
-0.641921 0.697337 0 0 0 0 
-0.634393 0.77301 0 0 0 0 
-0.707107 0.707107 0 0 0 0 
1 2 6
2 7 6
2 3 7
3 8 7
3 4 8
4 9 8
4 5 9
6 7 10
7 11 10
7 8 11
8 12 11
8 9 12
10 11 13
11 14 13
11 12 14
13 14 15
ZONE N=15, E=16, F=FEPOINT, ET=TRIANGLE
-0.382683 0.92388 0 0 0 0 
-0.343338 0.885629 0 0 0 0 
-0.303993 0.847379 0 0 0 0 
-0.264648 0.809129 0 0 0 0 
-0.225302 0.770879 0 0 0 0 
-0.290285 0.95694 0 0 0 0 
-0.249695 0.914048 0 0 0 0 
-0.209258 0.871117 0 0 0 0 
-0.168977 0.828159 0 0 0 0 
-0.19509 0.980785 0 0 0 0 
-0.153716 0.933139 0 0 0 0 
-0.112651 0.885439 0 0 0 0 
-0.0980171 0.995185 0 0 0 0 
-0.0563256 0.94272 0 0 0 0 
5.55112e-17 1 0 0 0 0 
1 2 6
2 7 6
2 3 7
3 8 7
3 4 8
4 9 8
4 5 9
6 7 10
7 11 10
7 8 11
8 12 11
8 9 12
10 11 13
11 14 13
11 12 14
13 14 15
ZONE N=15, E=16, F=FEPOINT, ET=TRIANGLE
-0.551811 -0.368708 0 0 0 0 
-0.621726 -0.415424 0 0 0 0 
-0.69164 -0.462139 0 0 0 0 
-0.761555 -0.508855 0 0 0 0 
-0.83147 -0.55557 0 0 0 0 
-0.590635 -0.453308 0 0 0 0 
-0.66148 -0.500787 0 0 0 0 
-0.732338 -0.548251 0 0 0 0 
-0.803208 -0.595699 0 0 0 0 
-0.629459 -0.537908 0 0 0 0 
-0.701222 -0.586166 0 0 0 0 
-0.77301 -0.634393 0 0 0 0 
-0.668283 -0.622507 0 0 0 0 
-0.740951 -0.671559 0 0 0 0 
-0.707107 -0.707107 0 0 0 0 
1 2 6
2 7 6
2 3 7
3 8 7
3 4 8
4 9 8
4 5 9
6 7 10
7 11 10
7 8 11
8 12 11
8 9 12
10 11 13
11 14 13
11 12 14
13 14 15
ZONE N=15, E=16, F=FEPOINT, ET=TRIANGLE
-0.707107 -0.707107 0 0 0 0 
-0.634393 -0.77301 0 0 0 0 
-0.55557 -0.83147 0 0 0 0 
-0.471397 -0.881921 0 0 0 0 
-0.382683 -0.92388 0 0 0 0 
-0.636028 -0.688518 0 0 0 0 
-0.560388 -0.750609 0 0 0 0 
-0.479021 -0.804977 0 0 0 0 
-0.39271 -0.851097 0 0 0 0 
-0.564949 -0.669929 0 0 0 0 
-0.486509 -0.728113 0 0 0 0 
-0.402737 -0.778315 0 0 0 0 
-0.49387 -0.65134 0 0 0 0 
-0.412764 -0.705533 0 0 0 0 
-0.42279 -0.632751 0 0 0 0 
1 2 6
2 7 6
2 3 7
3 8 7
3 4 8
4 9 8
4 5 9
6 7 10
7 11 10
7 8 11
8 12 11
8 9 12
10 11 13
11 14 13
11 12 14
13 14 15
ZONE N=15, E=16, F=FEPOINT, ET=TRIANGLE
-0.75 -0.149184 0 0 0 0 
-0.8125 -0.111888 0 0 0 0 
-0.875 -0.0745921 0 0 0 0 
-0.9375 -0.0372961 0 0 0 0 
-1 1.11022e-16 0 0 0 0 
-0.79347 -0.207559 0 0 0 0 
-0.860677 -0.171199 0 0 0 0 
-0.92792 -0.134686 0 0 0 0 
-0.995185 -0.0980171 0 0 0 0 
-0.83694 -0.265934 0 0 0 0 
-0.908828 -0.230666 0 0 0 0 
-0.980785 -0.19509 0 0 0 0 
-0.88041 -0.324309 0 0 0 0 
-0.95694 -0.290285 0 0 0 0 
-0.92388 -0.382683 0 0 0 0 
1 2 6
2 7 6
2 3 7
3 8 7
3 4 8
4 9 8
4 5 9
6 7 10
7 11 10
7 8 11
8 12 11
8 9 12
10 11 13
11 14 13
11 12 14
13 14 15
ZONE N=15, E=16, F=FEPOINT, ET=TRIANGLE
-1.94289e-16 -1 0 0 0 0 
-0.0369578 -0.9358 0 0 0 0 
-0.0739157 -0.871599 0 0 0 0 
-0.110874 -0.807399 0 0 0 0 
-0.147831 -0.743198 0 0 0 0 
-0.0980171 -0.995185 0 0 0 0 
-0.134348 -0.926219 0 0 0 0 
-0.170523 -0.857277 0 0 0 0 
-0.206544 -0.788369 0 0 0 0 
-0.19509 -0.980785 0 0 0 0 
-0.230327 -0.907128 0 0 0 0 
-0.265257 -0.833539 0 0 0 0 
-0.290285 -0.95694 0 0 0 0 
-0.32397 -0.878709 0 0 0 0 
-0.382683 -0.92388 0 0 0 0 
1 2 6
2 7 6
2 3 7
3 8 7
3 4 8
4 9 8
4 5 9
6 7 10
7 11 10
7 8 11
8 12 11
8 9 12
10 11 13
11 14 13
11 12 14
13 14 15
ZONE N=15, E=16, F=FEPOINT, ET=TRIANGLE
-0.83147 -0.55557 0 0 0 0 
-0.761555 -0.508855 0 0 0 0 
-0.69164 -0.462139 0 0 0 0 
-0.621726 -0.415424 0 0 0 0 
-0.551811 -0.368708 0 0 0 0 
-0.857729 -0.514103 0 0 0 0 
-0.786771 -0.466785 0 0 0 0 
-0.715804 -0.419485 0 0 0 0 
-0.644828 -0.372202 0 0 0 0 
-0.881921 -0.471397 0 0 0 0 
-0.809892 -0.423529 0 0 0 0 
-0.737845 -0.375696 0 0 0 0 
-0.903989 -0.427555 0 0 0 0 
-0.830862 -0.37919 0 0 0 0 
-0.92388 -0.382683 0 0 0 0 
1 2 6
2 7 6
2 3 7
3 8 7
3 4 8
4 9 8
4 5 9
6 7 10
7 11 10
7 8 11
8 12 11
8 9 12
10 11 13
11 14 13
11 12 14
13 14 15
ZONE N=15, E=16, F=FEPOINT, ET=TRIANGLE
0.75 -0.149184 0 0 0 0 
0.79347 -0.207559 0 0 0 0 
0.83694 -0.265934 0 0 0 0 
0.88041 -0.324309 0 0 0 0 
0.92388 -0.382683 0 0 0 0 
0.8125 -0.111888 0 0 0 0 
0.860677 -0.171199 0 0 0 0 
0.908828 -0.230666 0 0 0 0 
0.95694 -0.290285 0 0 0 0 
0.875 -0.0745921 0 0 0 0 
0.92792 -0.134686 0 0 0 0 
0.980785 -0.19509 0 0 0 0 
0.9375 -0.0372961 0 0 0 0 
0.995185 -0.0980171 0 0 0 0 
1 -2.498e-16 0 0 0 0 
1 2 6
2 7 6
2 3 7
3 8 7
3 4 8
4 9 8
4 5 9
6 7 10
7 11 10
7 8 11
8 12 11
8 9 12
10 11 13
11 14 13
11 12 14
13 14 15
ZONE N=15, E=16, F=FEPOINT, ET=TRIANGLE
-1.94289e-16 -1 0 0 0 0 
0.0980171 -0.995185 0 0 0 0 
0.19509 -0.980785 0 0 0 0 
0.290285 -0.95694 0 0 0 0 
0.382683 -0.92388 0 0 0 0 
0.0383204 -0.94265 0 0 0 0 
0.13571 -0.933069 0 0 0 0 
0.23169 -0.913978 0 0 0 0 
0.325333 -0.885559 0 0 0 0 
0.0766407 -0.885299 0 0 0 0 
0.173248 -0.870976 0 0 0 0 
0.267982 -0.847239 0 0 0 0 
0.114961 -0.827949 0 0 0 0 
0.210632 -0.808918 0 0 0 0 
0.153281 -0.770598 0 0 0 0 
1 2 6
2 7 6
2 3 7
3 8 7
3 4 8
4 9 8
4 5 9
6 7 10
7 11 10
7 8 11
8 12 11
8 9 12
10 11 13
11 14 13
11 12 14
13 14 15
ZONE N=15, E=16, F=FEPOINT, ET=TRIANGLE
0.83147 -0.55557 0 0 0 0 
0.857729 -0.514103 0 0 0 0 
0.881921 -0.471397 0 0 0 0 
0.903989 -0.427555 0 0 0 0 
0.92388 -0.382683 0 0 0 0 
0.761555 -0.508855 0 0 0 0 
0.786771 -0.466785 0 0 0 0 
0.809892 -0.423529 0 0 0 0 
0.830862 -0.37919 0 0 0 0 
0.69164 -0.462139 0 0 0 0 
0.715804 -0.419485 0 0 0 0 
0.737845 -0.375696 0 0 0 0 
0.621726 -0.415424 0 0 0 0 
0.644828 -0.372202 0 0 0 0 
0.551811 -0.368708 0 0 0 0 
1 2 6
2 7 6
2 3 7
3 8 7
3 4 8
4 9 8
4 5 9
6 7 10
7 11 10
7 8 11
8 12 11
8 9 12
10 11 13
11 14 13
11 12 14
13 14 15
ZONE N=15, E=16, F=FEPOINT, ET=TRIANGLE
0.382683 -0.92388 0 0 0 0 
0.471397 -0.881921 0 0 0 0 
0.55557 -0.83147 0 0 0 0 
0.634393 -0.77301 0 0 0 0 
0.707107 -0.707107 0 0 0 0 
0.390323 -0.85037 0 0 0 0 
0.476634 -0.804249 0 0 0 0 
0.558001 -0.749881 0 0 0 0 
0.633641 -0.687791 0 0 0 0 
0.397963 -0.776861 0 0 0 0 
0.481735 -0.726658 0 0 0 0 
0.560175 -0.668474 0 0 0 0 
0.405603 -0.703351 0 0 0 0 
0.486709 -0.649158 0 0 0 0 
0.413242 -0.629842 0 0 0 0 
1 2 6
2 7 6
2 3 7
3 8 7
3 4 8
4 9 8
4 5 9
6 7 10
7 11 10
7 8 11
8 12 11
8 9 12
10 11 13
11 14 13
11 12 14
13 14 15
ZONE N=15, E=16, F=FEPOINT, ET=TRIANGLE
0.83147 -0.55557 0 0 0 0 
0.761555 -0.508855 0 0 0 0 
0.69164 -0.462139 0 0 0 0 
0.621726 -0.415424 0 0 0 0 
0.551811 -0.368708 0 0 0 0 
0.803208 -0.595699 0 0 0 0 
0.732338 -0.548251 0 0 0 0 
0.66148 -0.500787 0 0 0 0 
0.590635 -0.453308 0 0 0 0 
0.77301 -0.634393 0 0 0 0 
0.701222 -0.586166 0 0 0 0 
0.629459 -0.537908 0 0 0 0 
0.740951 -0.671559 0 0 0 0 
0.668283 -0.622507 0 0 0 0 
0.707107 -0.707107 0 0 0 0 
1 2 6
2 7 6
2 3 7
3 8 7
3 4 8
4 9 8
4 5 9
6 7 10
7 11 10
7 8 11
8 12 11
8 9 12
10 11 13
11 14 13
11 12 14
13 14 15
ZONE N=15, E=16, F=FEPOINT, ET=TRIANGLE
-0.25 0 0 0 0 0 
-0.1875 0 0 0 0 0 
-0.125 0 0 0 0 0 
-0.0625 0 0 0 0 0 
3.33067e-16 0 0 0 0 0 
-0.21875 0.0711889 0 0 0 0 
-0.15625 0.0711889 0 0 0 0 
-0.09375 0.0711889 0 0 0 0 
-0.03125 0.0711889 0 0 0 0 
-0.1875 0.142378 0 0 0 0 
-0.125 0.142378 0 0 0 0 
-0.0625 0.142378 0 0 0 0 
-0.15625 0.213567 0 0 0 0 
-0.09375 0.213567 0 0 0 0 
-0.125 0.284756 0 0 0 0 
1 2 6
2 7 6
2 3 7
3 8 7
3 4 8
4 9 8
4 5 9
6 7 10
7 11 10
7 8 11
8 12 11
8 9 12
10 11 13
11 14 13
11 12 14
13 14 15
ZONE N=15, E=16, F=FEPOINT, ET=TRIANGLE
0.25 0 0 0 0 0 
0.214339 0.0667767 0 0 0 0 
0.178679 0.133553 0 0 0 0 
0.143018 0.20033 0 0 0 0 
0.107358 0.267107 0 0 0 0 
0.1875 0 0 0 0 0 
0.151839 0.0667767 0 0 0 0 
0.116179 0.133553 0 0 0 0 
0.0805183 0.20033 0 0 0 0 
0.125 0 0 0 0 0 
0.0893394 0.0667767 0 0 0 0 
0.0536789 0.133553 0 0 0 0 
0.0625 0 0 0 0 0 
0.0268394 0.0667767 0 0 0 0 
3.33067e-16 0 0 0 0 0 
1 2 6
2 7 6
2 3 7
3 8 7
3 4 8
4 9 8
4 5 9
6 7 10
7 11 10
7 8 11
8 12 11
8 9 12
10 11 13
11 14 13
11 12 14
13 14 15
ZONE N=15, E=16, F=FEPOINT, ET=TRIANGLE
3.33067e-16 0 0 0 0 0 
0.0048352 -0.0640111 0 0 0 0 
0.00967039 -0.128022 0 0 0 0 
0.0145056 -0.192033 0 0 0 0 
0.0193408 -0.256044 0 0 0 0 
0.0625 0 0 0 0 0 
0.0673352 -0.0640111 0 0 0 0 
0.0721704 -0.128022 0 0 0 0 
0.0770056 -0.192033 0 0 0 0 
0.125 0 0 0 0 0 
0.129835 -0.0640111 0 0 0 0 
0.13467 -0.128022 0 0 0 0 
0.1875 0 0 0 0 0 
0.192335 -0.0640111 0 0 0 0 
0.25 0 0 0 0 0 
1 2 6
2 7 6
2 3 7
3 8 7
3 4 8
4 9 8
4 5 9
6 7 10
7 11 10
7 8 11
8 12 11
8 9 12
10 11 13
11 14 13
11 12 14
13 14 15
ZONE N=15, E=16, F=FEPOINT, ET=TRIANGLE
-0.383237 -0.204402 0 0 0 0 
-0.349928 -0.153301 0 0 0 0 
-0.316619 -0.102201 0 0 0 0 
-0.283309 -0.0511005 0 0 0 0 
-0.25 0 0 0 0 0 
-0.412428 -0.153301 0 0 0 0 
-0.379119 -0.102201 0 0 0 0 
-0.345809 -0.0511005 0 0 0 0 
-0.3125 1.38778e-17 0 0 0 0 
-0.441619 -0.102201 0 0 0 0 
-0.408309 -0.0511005 0 0 0 0 
-0.375 0 0 0 0 0 
-0.470809 -0.0511005 0 0 0 0 
-0.4375 0 0 0 0 0 
-0.5 0 0 0 0 0 
1 2 6
2 7 6
2 3 7
3 8 7
3 4 8
4 9 8
4 5 9
6 7 10
7 11 10
7 8 11
8 12 11
8 9 12
10 11 13
11 14 13
11 12 14
13 14 15
ZONE N=15, E=16, F=FEPOINT, ET=TRIANGLE
0.5 0 0 0 0 0 
0.4375 1.38778e-17 0 0 0 0 
0.375 0 0 0 0 0 
0.3125 0 0 0 0 0 
0.25 0 0 0 0 0 
0.446885 -0.0757752 0 0 0 0 
0.384385 -0.0757752 0 0 0 0 
0.321885 -0.0757752 0 0 0 0 
0.259385 -0.0757752 0 0 0 0 
0.393769 -0.15155 0 0 0 0 
0.331269 -0.15155 0 0 0 0 
0.268769 -0.15155 0 0 0 0 
0.340654 -0.227325 0 0 0 0 
0.278154 -0.227325 0 0 0 0 
0.287539 -0.303101 0 0 0 0 
1 2 6
2 7 6
2 3 7
3 8 7
3 4 8
4 9 8
4 5 9
6 7 10
7 11 10
7 8 11
8 12 11
8 9 12
10 11 13
11 14 13
11 12 14
13 14 15
ZONE N=15, E=16, F=FEPOINT, ET=TRIANGLE
-0.25 0 0 0 0 0 
-0.182665 -0.0640111 0 0 0 0 
-0.11533 -0.128022 0 0 0 0 
-0.0479944 -0.192033 0 0 0 0 
0.0193408 -0.256044 0 0 0 0 
-0.1875 0 0 0 0 0 
-0.120165 -0.0640111 0 0 0 0 
-0.0528296 -0.128022 0 0 0 0 
0.0145056 -0.192033 0 0 0 0 
-0.125 0 0 0 0 0 
-0.0576648 -0.0640111 0 0 0 0 
0.00967039 -0.128022 0 0 0 0 
-0.0625 0 0 0 0 0 
0.0048352 -0.0640111 0 0 0 0 
3.33067e-16 0 0 0 0 0 
1 2 6
2 7 6
2 3 7
3 8 7
3 4 8
4 9 8
4 5 9
6 7 10
7 11 10
7 8 11
8 12 11
8 9 12
10 11 13
11 14 13
11 12 14
13 14 15
ZONE N=15, E=16, F=FEPOINT, ET=TRIANGLE
-0.375 0.186668 0 0 0 0 
-0.40625 0.140001 0 0 0 0 
-0.4375 0.0933338 0 0 0 0 
-0.46875 0.0466669 0 0 0 0 
-0.5 0 0 0 0 0 
-0.34375 0.140001 0 0 0 0 
-0.375 0.0933338 0 0 0 0 
-0.40625 0.0466669 0 0 0 0 
-0.4375 -6.93889e-18 0 0 0 0 
-0.3125 0.0933338 0 0 0 0 
-0.34375 0.0466669 0 0 0 0 
-0.375 0 0 0 0 0 
-0.28125 0.0466669 0 0 0 0 
-0.3125 0 0 0 0 0 
-0.25 0 0 0 0 0 
1 2 6
2 7 6
2 3 7
3 8 7
3 4 8
4 9 8
4 5 9
6 7 10
7 11 10
7 8 11
8 12 11
8 9 12
10 11 13
11 14 13
11 12 14
13 14 15
ZONE N=15, E=16, F=FEPOINT, ET=TRIANGLE
0.25 0 0 0 0 0 
0.3125 6.93889e-18 0 0 0 0 
0.375 0 0 0 0 0 
0.4375 0 0 0 0 0 
0.5 0 0 0 0 0 
0.272063 0.0589103 0 0 0 0 
0.334563 0.0589103 0 0 0 0 
0.397063 0.0589103 0 0 0 0 
0.459563 0.0589103 0 0 0 0 
0.294125 0.117821 0 0 0 0 
0.356625 0.117821 0 0 0 0 
0.419125 0.117821 0 0 0 0 
0.316188 0.176731 0 0 0 0 
0.378688 0.176731 0 0 0 0 
0.338251 0.235641 0 0 0 0 
1 2 6
2 7 6
2 3 7
3 8 7
3 4 8
4 9 8
4 5 9
6 7 10
7 11 10
7 8 11
8 12 11
8 9 12
10 11 13
11 14 13
11 12 14
13 14 15
