-0.92388 -0.382683 0 2 
-0.881921 -0.471397 0 2 
-1 1.22465e-16 1 2 
-0.25 0 5 4 
-0.375 0 5 4 
-0.995185 0.0980171 7 1 
-1 1.22465e-16 7 1 
-0.95694 0.290285 9 1 
-0.125 0 14 4 
-0.1875 0 14 4 
3.33067e-16 0 16 4 
-0.125 0 16 4 
-0.995185 0.0980171 20 1 
-0.995185 -0.0980171 24 2 
-0.980785 0.19509 31 1 
-1 1.22465e-16 34 2 
-0.995185 -0.0980171 34 2 
-0.92388 0.382683 35 1 
-0.995185 -0.0980171 36 2 
-0.980785 -0.19509 36 2 
-0.95694 -0.290285 37 2 
-0.980785 -0.19509 40 2 
-0.95694 -0.290285 42 2 
-0.92388 -0.382683 42 2 
-0.980785 -0.19509 47 2 
-0.95694 -0.290285 47 2 
-0.980785 0.19509 52 1 
-0.995185 0.0980171 52 1 
-0.95694 0.290285 56 1 
-0.980785 0.19509 56 1 
-0.92388 0.382683 58 1 
-0.95694 0.290285 58 1 
-0.881921 0.471397 67 1 
-0.92388 0.382683 67 1 
-0.881921 -0.471397 68 2 
-0.83147 -0.55557 68 2 
-0.92388 -0.382683 71 2 
-0.83147 0.55557 77 1 
-0.881921 0.471397 77 1 
-0.77301 0.634393 81 1 
-0.83147 0.55557 81 1 
-0.83147 0.55557 83 1 
-0.83147 0.55557 91 1 
-0.707107 0.707107 95 1 
-0.77301 0.634393 95 1 
-0.77301 0.634393 98 1 
-0.375 0 109 4 
-0.25 0 111 4 
-0.375 0 114 4 
-0.4375 0 114 4 
-0.5 0 116 4 
-0.4375 0 116 4 
-0.4375 0 121 4 
-0.5 0 121 4 
-0.4375 0 122 4 
-0.375 0 122 4 
-0.375 0 123 4 
-0.25 0 123 4 
-0.4375 0 125 4 
-0.4375 0 128 4 
-0.375 0 130 4 
-0.25 0 136 4 
-0.4375 0 182 4 
-0.125 0 185 4 
-0.1875 0 186 4 
-0.5 0 191 4 
-0.5 0 195 4 
-0.125 0 210 4 
-0.1875 0 211 4 
-0.125 0 211 4 
-0.1875 0 212 4 
3.33067e-16 0 216 4 
-0.634393 -0.77301 233 2 
-0.55557 -0.83147 233 2 
-0.707107 -0.707107 239 2 
-0.25 0 243 4 
-0.1875 0 243 4 
-0.25 0 244 4 
-0.1875 0 244 4 
-0.125 0 245 4 
3.33067e-16 0 245 4 
0.125 0 254 4 
0.0625 0 254 4 
3.33067e-16 0 257 4 
-0.55557 0.83147 258 1 
-0.634393 0.77301 258 1 
-0.290285 -0.95694 270 2 
3.33067e-16 0 279 4 
0.0625 0 279 4 
-0.290285 0.95694 298 1 
-0.0980171 0.995185 303 1 
-0.19509 0.980785 303 1 
-0.382683 0.92388 304 1 
-0.95694 -0.290285 310 2 
-0.471397 0.881921 312 1 
-0.707107 0.707107 313 1 
-0.881921 0.471397 317 1 
0.0625 0 354 4 
0.3125 0 364 4 
0.25 0 364 4 
0.382683 0.92388 391 0 
0.471397 0.881921 391 0 
0.55557 0.83147 402 0 
0.290285 0.95694 417 0 
0.19509 0.980785 417 0 
0.290285 0.95694 421 0 
0.382683 0.92388 421 0 
0.290285 0.95694 426 0 
0.19509 0.980785 432 0 
6.12323e-17 1 434 1 
6.12323e-17 1 440 1 
-0.55557 -0.83147 454 2 
-0.471397 -0.881921 454 2 
-0.634393 -0.77301 455 2 
-0.55557 -0.83147 456 2 
-0.77301 -0.634393 461 2 
-0.707107 -0.707107 461 2 
-0.634393 -0.77301 463 2 
-0.707107 -0.707107 463 2 
-0.83147 -0.55557 467 2 
-0.77301 -0.634393 467 2 
-0.77301 -0.634393 468 2 
-0.634393 -0.77301 470 2 
-0.471397 -0.881921 471 2 
-0.471397 -0.881921 476 2 
-0.382683 -0.92388 476 2 
-0.382683 -0.92388 477 2 
-0.290285 -0.95694 482 2 
-0.382683 -0.92388 486 2 
-0.290285 -0.95694 486 2 
-0.290285 -0.95694 487 2 
-0.19509 -0.980785 487 2 
0.0625 0 501 4 
3.33067e-16 0 501 4 
0.25 0 503 4 
0.3125 0 505 4 
0.25 0 505 4 
0.125 0 510 4 
0.25 0 511 4 
0.0625 0 516 4 
0.0625 0 517 4 
0.125 0 517 4 
0.125 0 520 4 
0.25 0 524 4 
0.125 0 524 4 
0.25 0 527 4 
0.125 0 527 4 
0.375 0 529 4 
0.375 0 548 4 
0.3125 0 548 4 
0.3125 0 549 4 
0.3125 0 554 4 
0.25 0 555 4 
0.375 0 556 4 
0.3125 0 556 4 
0.375 0 557 4 
0.5 0 557 4 
0.375 0 559 4 
0.5 0 559 4 
0.375 0 560 4 
0.5 0 575 4 
0.5 0 632 4 
0.5 0 634 4 
0.980785 0.19509 637 0 
0.5 0 638 4 
0.634393 0.77301 646 0 
0.707107 0.707107 646 0 
-0.471397 0.881921 663 1 
-0.55557 0.83147 663 1 
-0.382683 0.92388 666 1 
-0.471397 0.881921 666 1 
-0.290285 0.95694 672 1 
-0.19509 0.980785 672 1 
-0.382683 0.92388 673 1 
-0.290285 0.95694 673 1 
-0.19509 0.980785 675 1 
6.12323e-17 1 680 1 
-0.0980171 0.995185 680 1 
-0.0980171 0.995185 681 1 
-0.634393 0.77301 682 1 
-0.707107 0.707107 682 1 
0.382683 0.92388 695 0 
0.0980171 0.995185 698 0 
0.19509 0.980785 699 0 
0.0980171 0.995185 699 0 
6.12323e-17 1 700 0 
0.0980171 0.995185 700 0 
-0.0980171 -0.995185 718 2 
-1.83697e-16 -1 718 2 
0.290285 -0.95694 732 3 
0.55557 -0.83147 764 3 
0.55557 -0.83147 770 3 
0.707107 -0.707107 782 3 
0.634393 -0.77301 782 3 
0.980785 -0.19509 792 3 
0.995185 -0.0980171 792 3 
0.95694 -0.290285 795 3 
0.92388 -0.382683 795 3 
0.95694 -0.290285 797 3 
0.980785 -0.19509 797 3 
0.95694 -0.290285 798 3 
-0.55557 0.83147 801 1 
-0.634393 0.77301 809 1 
0.55557 0.83147 813 0 
0.471397 0.881921 813 0 
0.471397 0.881921 815 0 
0.290285 -0.95694 819 3 
0.471397 -0.881921 821 3 
0.83147 0.55557 828 0 
1 -2.44929e-16 836 3 
0.995185 -0.0980171 836 3 
0.707107 0.707107 839 0 
0.55557 0.83147 842 0 
0.634393 0.77301 842 0 
0.55557 0.83147 843 0 
0.634393 0.77301 847 0 
0.881921 0.471397 851 0 
0.83147 0.55557 851 0 
0.77301 0.634393 856 0 
0.707107 0.707107 857 0 
0.77301 0.634393 857 0 
0.77301 0.634393 859 0 
0.83147 0.55557 859 0 
0.881921 0.471397 864 0 
0.92388 0.382683 873 0 
0.881921 0.471397 873 0 
0.980785 0.19509 875 0 
0.95694 0.290285 875 0 
0.92388 0.382683 876 0 
0.995185 0.0980171 879 0 
0.95694 0.290285 880 0 
0.92388 0.382683 882 0 
0.95694 0.290285 882 0 
0.55557 -0.83147 892 3 
0.471397 -0.881921 892 3 
0.290285 -0.95694 904 3 
0.382683 -0.92388 904 3 
0.19509 -0.980785 905 3 
0.290285 -0.95694 905 3 
0.19509 -0.980785 906 3 
-1.83697e-16 -1 908 3 
0.0980171 -0.995185 908 3 
0.19509 -0.980785 912 3 
0.980785 -0.19509 915 3 
0.995185 -0.0980171 917 3 
1 -2.44929e-16 918 0 
0.995185 0.0980171 918 0 
0.980785 0.19509 919 0 
0.634393 -0.77301 922 3 
0.55557 -0.83147 923 3 
0.634393 -0.77301 923 3 
0.707107 -0.707107 924 3 
0.707107 -0.707107 930 3 
0.77301 -0.634393 930 3 
0.471397 -0.881921 931 3 
0.382683 -0.92388 931 3 
-0.0980171 -0.995185 934 2 
-0.19509 -0.980785 935 2 
-0.0980171 -0.995185 935 2 
-1.83697e-16 -1 936 3 
-0.19509 -0.980785 939 2 
0.995185 -0.0980171 943 3 
0.980785 0.19509 946 0 
0.995185 0.0980171 946 0 
0.881921 -0.471397 951 3 
0.77301 -0.634393 953 3 
0.83147 -0.55557 953 3 
0.92388 -0.382683 957 3 
0.77301 -0.634393 959 3 
0.881921 -0.471397 960 3 
0.92388 -0.382683 960 3 
0.83147 -0.55557 961 3 
0.881921 -0.471397 964 3 
0.83147 -0.55557 964 3 
0.881921 -0.471397 966 3 
0.0980171 -0.995185 969 3 
0.0980171 -0.995185 970 3 
0.19509 -0.980785 970 3 
-0.881921 -0.471397 971 2 
-0.83147 -0.55557 972 2 
